  6.4411795e-001  2.6212467e-001
  2.8924262e-001  9.2139741e-002
  6.6999024e-001  2.5225409e-001
 -9.0522942e-001  5.0425939e-001
  1.8272789e-001  3.2896941e-002
  9.8482154e-001  6.2922342e-001
 -4.8712631e-001 -1.8045569e-002
 -7.8763557e-001  2.4156051e-001
 -5.1436186e-001 -5.1778207e-003
 -3.5431014e-001 -4.8110366e-002
  1.1621421e-001  4.2757730e-002
 -4.0734799e-001 -5.2647101e-002
  4.1735792e-001  1.2174103e-001
 -1.2835629e-001 -1.3404950e-002
  6.9236008e-001  2.7022616e-001
 -5.0183856e-001 -2.7903097e-002
  6.4209640e-001  2.4962337e-001
  6.5134202e-001  2.5973561e-001
 -4.8981558e-001 -3.0191576e-002
  4.6728302e-001  1.5296605e-001
  3.2767664e-001  8.7533855e-002
  5.7187463e-001  2.0622482e-001
  5.0760971e-001  1.6534493e-001
  9.9466073e-001  6.5965927e-001
  5.4079974e-001  1.8469282e-001
  7.6245651e-001  3.6066029e-001
 -2.9889255e-001 -3.4109123e-002
  6.1967775e-001  2.4552914e-001
  9.4064596e-001  5.5189972e-001
 -5.2585652e-001  5.5526422e-003
 -1.5466762e-001 -4.3033491e-002
  9.9293214e-001  6.5787730e-001
  2.2354675e-001  4.9053081e-002
 -9.6301036e-001  6.3710821e-001
  9.1641161e-001  5.2213047e-001
 -8.9033684e-001  4.5709034e-001
  9.3710075e-001  5.5604065e-001
 -1.6791079e-001 -3.3060393e-002
  7.0204380e-001  3.0461008e-001
  7.7496989e-001  3.6978486e-001
 -3.6477231e-002 -7.4877393e-003
 -8.1951164e-001  3.1284965e-001
 -1.7269659e-002 -1.1434748e-002
  2.5446998e-001  5.7845458e-002
  2.1038551e-001  4.1510839e-002
  1.5887892e-001  4.9710719e-002
  3.4526239e-001  1.0359265e-001
 -2.1843395e-001 -6.2017025e-002
 -9.2009215e-001  5.2599670e-001
 -8.2304787e-001  3.0806606e-001
  9.8280770e-001  6.2019352e-001
 -4.7421438e-001 -2.2014603e-002
 -9.1269776e-001  5.0760878e-001
  4.7650834e-001  1.5288515e-001
 -2.9262365e-001 -3.9253562e-002
  5.2580119e-001  1.6639758e-001
  5.6821967e-001  2.1127680e-001
 -9.4342198e-001  5.8424337e-001
  6.0676461e-001  2.2117014e-001
  8.2708467e-001  4.1901794e-001
  9.1063069e-001  5.3989571e-001
  8.7358785e-001  4.8791321e-001
  7.7181751e-001  3.7215579e-001
  6.7219108e-001  2.6899168e-001
  8.2153713e-001  4.1203883e-001
  1.3608722e-001  4.9576677e-002
  7.6208245e-001  3.3343358e-001
 -5.7876431e-001  2.9492784e-002
  5.7156376e-001  2.0426301e-001
 -1.6097681e-001 -4.5916112e-002
  2.6196903e-001  7.3946932e-002
  9.9024206e-001  6.5655725e-001
 -7.1438102e-001  1.5473929e-001
 -2.6225761e-001 -4.3349569e-002
 -9.6632473e-001  6.6438368e-001
  3.1379621e-002  1.2379422e-002
  2.3544533e-001  5.1024956e-002
 -7.0595402e-001  1.3512566e-001
 -7.8514752e-001  2.4768239e-001
  9.1508594e-001  5.1943663e-001
  8.0192538e-001  3.7544415e-001
  6.0319176e-001  2.2517480e-001
 -8.2310281e-001  3.1548455e-001
 -9.4964183e-001  5.9625629e-001
  6.6953628e-001  2.6811860e-001
 -7.0529944e-001  1.2202317e-001
  8.5096859e-001  4.3255909e-001
  8.6693398e-001  4.6054915e-001
 -7.8578176e-001  2.5200729e-001
  7.5522453e-001  3.3432293e-001
 -1.8734097e-001 -4.0018505e-002
 -7.2170145e-001  1.5371758e-001
  5.9345775e-001  2.0281914e-001
 -7.3418269e-001  1.8849461e-001
 -2.3595965e-002 -1.1564778e-002
  5.1744827e-001  1.7837125e-001
  9.1336315e-001  5.2849143e-001
  8.8466321e-001  4.8933234e-001
 -3.5591020e-001 -4.5939773e-002
  8.4802721e-001  4.4496655e-001
  2.5353732e-001  8.2002537e-002
  2.8934560e-001  8.1887700e-002
  2.2252534e-001  5.1874711e-002
 -9.0421916e-001  4.6708886e-001
  3.5358436e-001  1.0369252e-001
  9.3190078e-001  5.6716247e-001
  8.4821733e-001  4.5151864e-001
 -1.6749444e-001 -2.5582207e-002
 -3.5606266e-001 -4.8145714e-002
 -7.5175388e-001  2.0528392e-001
  4.9671812e-001  1.7213887e-001
 -3.6467933e-001 -3.7388956e-002
 -9.4094005e-001  5.6403299e-001
  4.5941795e-001  1.3607976e-001
  3.6551886e-001  1.1924330e-001
  2.8951052e-002  2.0121137e-003
  6.1594965e-001  2.3484193e-001
  7.9070734e-001  3.8483502e-001
  9.8486732e-001  6.3292252e-001
 -1.9094881e-001 -2.7053735e-002
 -5.2375797e-001  9.3483319e-003
 -7.2602931e-001  1.6151171e-001
 -1.3400697e-001 -3.7673829e-002
  6.8045073e-001  2.6138704e-001
  3.6720139e-001  1.2397579e-001
 -3.9253722e-001 -3.4563505e-002
 -2.5568506e-001 -4.1512435e-002
 -6.4388658e-001  6.3049303e-002
 -2.8248431e-001 -5.6739890e-002
 -4.8848432e-001 -3.9634761e-002
 -2.3175212e-001 -5.9028010e-002
 -6.0757553e-001  3.9233159e-002
 -1.0476060e-001 -1.0130427e-002
 -8.3481143e-001  3.4232802e-001
 -4.7735564e-001 -3.2953977e-002
 -5.4807640e-002 -1.3794346e-003
 -1.3447718e-001 -4.0958374e-002
 -9.5910395e-001  6.4337114e-001
 -6.8304172e-001  1.0444968e-001
  3.2323584e-001  1.0131222e-001
  1.6995669e-001  5.9453298e-002
 -6.3760713e-001  5.0151275e-002
 -3.0144726e-001 -3.6663578e-002
  2.5432937e-001  9.2405541e-002
  2.3881182e-002  1.1969825e-002
  6.8336841e-001  2.7199068e-001
 -7.9544655e-001  2.7439625e-001
  9.2275805e-001  5.5516188e-001
 -6.9199138e-001  1.2204576e-001
  4.6991052e-001  1.4106609e-001
  9.8484415e-001  6.4107817e-001
 -6.0480385e-002 -3.1352138e-002
 -7.1726117e-002 -1.8808945e-003
  2.2080029e-001  6.3734760e-002
  9.1935958e-001  5.2474388e-001
 -4.3608576e-001 -4.1811475e-002
  8.6635362e-001  4.7755808e-001
 -4.8970866e-001 -1.6121272e-002
  5.6436755e-001  2.0980098e-001
 -3.8387949e-001 -6.1963040e-002
 -4.5760546e-001 -4.1576874e-002
 -7.0675050e-001  1.5112068e-001
  9.6662206e-001  6.1986156e-001
 -8.7448149e-001  4.1432665e-001
  4.9388413e-001  1.7122683e-001
 -3.9383052e-001 -3.8893510e-002
  3.7285484e-001  1.0221001e-001
  2.8920320e-001  6.6630717e-002
 -7.6291514e-001  1.9638285e-001
 -1.2874452e-001 -4.5173927e-002
 -4.3953656e-001 -2.4330148e-002
 -7.4018825e-001  1.6689982e-001
  8.8201742e-002  1.7190793e-002
 -3.3785475e-001 -4.2106743e-002
 -8.7140435e-001  4.0547611e-001
 -8.2488997e-001  3.1782580e-001
 -1.8104488e-001 -4.8620312e-002
  4.6327901e-001  1.5322800e-001
  6.8922993e-001  2.7986336e-001
 -1.8351554e-001 -3.1066686e-002
  3.9684765e-001  1.0825744e-001
 -1.3500612e-001 -1.3035102e-002
 -5.6546150e-001  1.1396282e-002
  4.3750851e-001  1.5061043e-001
 -1.7891168e-001 -4.1741224e-002
  8.3602157e-001  4.3438076e-001
  2.8971085e-001  8.4752558e-002
 -2.3350590e-001 -4.5051610e-002
 -2.8898978e-001 -6.9282290e-002
 -6.6514764e-001  9.7786375e-002
  1.5299302e-001  3.2477985e-002
  3.8262195e-001  1.2511180e-001
  2.1517713e-001  6.2190471e-002
  8.9287082e-001  4.8417504e-001
  5.1479348e-001  1.8682993e-001
 -5.8344701e-001  1.0790223e-002
  2.2599804e-001  5.6198073e-002
  4.0967854e-001  1.2616440e-001
  7.0763153e-001  2.9851558e-001
 -1.7052411e-002 -1.9306551e-002
