  3.4440227e-003 -3.6373258e-003
 -9.6515052e-004 -1.4720944e-003
  7.8897880e-003  1.7094586e-003
  5.1186404e-003 -3.9320524e-004
  1.0361167e-002  3.8429521e-003
 -3.8740655e-003  9.7562307e-004
  9.9772964e-003  2.1195007e-003
 -4.1000587e-003 -4.0826272e-003
 -7.8020374e-003  3.4275230e-003
  3.8295279e-003 -3.9171750e-003
  5.5894674e-002  9.5747416e-004
  6.3831891e-002  3.3609336e-003
  5.8269621e-002  1.1754828e-003
  4.0767340e-002  1.3190434e-003
  4.6863656e-002  4.4474200e-003
  6.2183465e-002 -1.0705686e-003
  4.4610401e-002  4.7330471e-003
  5.2544112e-002  6.1373204e-003
  4.5347156e-002  3.7038552e-003
  4.0989307e-002  1.0121653e-002
  4.5857759e-002  1.8384451e-003
  5.4285429e-002  8.2909931e-003
  5.9772013e-002  9.4868369e-003
  4.9167572e-002  3.6172631e-003
  5.0883150e-002  6.0140054e-003
  6.2004613e-002  7.0088367e-003
  5.5105696e-002  1.0518285e-002
  5.2786143e-002  7.5917768e-003
  4.3760417e-002  1.1238867e-002
  4.8323342e-002  1.5492759e-002
  5.9307960e-002  1.3542499e-002
  4.9438691e-002  1.3172558e-002
  4.4599386e-002  1.6170804e-002
  4.2447261e-002  1.2220839e-002
  5.6947256e-002  9.6734825e-003
  4.6022679e-002  1.4235245e-002
  4.7564952e-002  1.3919539e-002
  5.3092494e-002  9.6195888e-003
  6.0400953e-002  1.2752349e-002
  6.0167195e-002  1.0102750e-002
  4.8195759e-002  1.3630129e-002
  4.7090381e-002  8.4463635e-003
  4.4381034e-002  1.7795440e-002
  4.0993247e-002  1.4651424e-002
  6.4462781e-002  1.8287179e-002
  4.3574598e-002  1.8362631e-002
  4.3672964e-002  1.3817761e-002
  4.1781565e-002  1.3204503e-002
  6.3926909e-002  1.2255704e-002
  5.6552977e-002  1.6853059e-002
  4.5210391e-002  1.3252882e-002
  4.8800687e-002  1.8738652e-002
  4.7106969e-002  1.2444715e-002
  5.7583006e-002  1.3430220e-002
  4.5071389e-002  1.4174251e-002
  6.0380904e-002  1.3506510e-002
  4.1955110e-002  1.6702013e-002
  5.7613743e-002  1.0908822e-002
  5.1776948e-002  1.5401665e-002
  4.8238213e-002  1.4875730e-002
  6.3174734e-002  1.7881608e-002
  6.3763114e-002  1.0474533e-002
  5.5102642e-002  1.5132091e-002
  4.5650007e-002  1.2385782e-002
  6.3830656e-002  1.6730295e-002
  4.4523537e-002  1.8298238e-002
  5.9830743e-002  1.7714269e-002
  6.0122423e-002  1.6928942e-002
  4.4877353e-002  1.6535880e-002
  6.3793671e-002  1.2191259e-002
  4.7695007e-002  9.5044232e-003
  4.2386578e-002  1.6989415e-002
  5.1069569e-002  1.3534369e-002
  6.1071194e-002  1.7712461e-002
  4.1993204e-002  1.8724037e-002
  6.1424303e-002  1.6965302e-002
  4.3270525e-002  1.6045352e-002
  6.2437777e-002  1.2685904e-002
  6.0459156e-002  1.1853874e-002
  8.2559404e-001  1.3647594e-002
  8.3018026e-001  1.2785237e-002
  8.3203884e-001  2.2909627e-002
  8.2000887e-001  4.0327161e-002
  8.3512546e-001  6.6320671e-002
  8.2163376e-001  8.7029945e-002
  8.3164938e-001  1.1159354e-001
  8.2677897e-001  1.2861757e-001
  8.4029990e-001  1.5988650e-001
  8.2661096e-001  1.7271541e-001
  8.4216264e-001  2.0076026e-001
  8.3360717e-001  2.1634817e-001
  8.2722658e-001  2.3748374e-001
  8.2570910e-001  2.5402052e-001
  8.3625485e-001  2.6499665e-001
  8.2670809e-001  2.7888382e-001
  8.3126507e-001  2.9722557e-001
  8.3094408e-001  3.0815251e-001
  8.2144688e-001  3.2250024e-001
  8.3284319e-001  3.2862065e-001
  8.3381722e-001  3.4019076e-001
  8.3147852e-001  3.4282511e-001
  8.3697232e-001  3.4681863e-001
  8.3925216e-001  3.6267493e-001
  8.2318661e-001  3.6460562e-001
  8.2545616e-001  3.6871533e-001
  8.3641675e-001  3.7659553e-001
  8.3442079e-001  3.7987934e-001
  8.2878306e-001  3.8374131e-001
  8.2349877e-001  3.8869766e-001
  8.3634872e-001  3.8602783e-001
  8.3095799e-001  3.8698485e-001
  8.2828947e-001  3.9371752e-001
  8.2111148e-001  3.9629492e-001
  8.3835701e-001  3.9454746e-001
  8.2804116e-001  4.0210748e-001
  8.2138269e-001  4.0635252e-001
  8.3547372e-001  4.0148431e-001
  8.2369508e-001  4.0468183e-001
  8.2516035e-001  4.0379168e-001
  8.3448309e-001  4.0914690e-001
  8.3895996e-001  4.0383830e-001
  8.3874795e-001  4.0463793e-001
  8.3084683e-001  4.0891523e-001
  8.3299750e-001  4.1088661e-001
  8.3398616e-001  4.0662771e-001
  8.2072708e-001  4.1216961e-001
  8.3458251e-001  4.1093680e-001
  8.3103547e-001  4.1562451e-001
  8.2970126e-001  4.1328339e-001
  8.3880109e-001  4.0949514e-001
  8.4268928e-001  4.1773441e-001
  8.3763405e-001  4.1228607e-001
  8.3160856e-001  4.1322590e-001
  8.3130229e-001  4.1071394e-001
  8.3909944e-001  4.1959235e-001
  8.3071813e-001  4.1776258e-001
  8.2069060e-001  4.1978364e-001
  8.2730215e-001  4.1371438e-001
  8.2155713e-001  4.1631949e-001
  8.3261635e-001  4.1204676e-001
  8.2292334e-001  4.2042793e-001
  8.3018373e-001  4.1923552e-001
  8.2742118e-001  4.1322720e-001
  8.4306321e-001  4.1978787e-001
  8.3781299e-001  4.2171552e-001
  8.2245655e-001  4.1494593e-001
  8.3332800e-001  4.2016729e-001
  8.3017822e-001  4.1707567e-001
  1.3849269e-001  4.2011440e-001
  1.3420348e-001  4.2044925e-001
  1.3923284e-001  4.1001481e-001
  1.4312052e-001  3.9234574e-001
  1.3766367e-001  3.7679992e-001
  1.3886996e-001  3.5434850e-001
  1.3890614e-001  3.2613761e-001
  1.5286416e-001  3.0284160e-001
  1.4937436e-001  2.8848605e-001
  1.4252410e-001  2.6196667e-001
  1.3102765e-001  2.4500444e-001
  1.3979490e-001  2.2757550e-001
  1.3763677e-001  2.1130576e-001
  1.4464733e-001  1.9144165e-001
  1.4613160e-001  1.7484391e-001
  1.3454397e-001  1.6274083e-001
  1.3399437e-001  1.5075430e-001
  1.3751237e-001  1.3981969e-001
  1.3653465e-001  1.3453927e-001
  1.4170061e-001  1.2507955e-001
  1.4529737e-001  1.1970269e-001
  1.4488415e-001  1.0794880e-001
  1.5076847e-001  1.0488197e-001
  1.3485321e-001  9.6792073e-002
  1.4721776e-001  8.8814805e-002
  1.4975121e-001  8.6044199e-002
  1.2928829e-001  7.6606048e-002
  1.3853915e-001  7.9656383e-002
  1.2934913e-001  7.3590147e-002
  1.3903366e-001  6.4242936e-002
  1.3571186e-001  7.0422270e-002
  1.3115839e-001  6.2742097e-002
  1.4832922e-001  6.1089539e-002
  1.3989578e-001  5.5190131e-002
  1.4002260e-001  5.1874615e-002
  1.4180244e-001  5.8034936e-002
  1.3295555e-001  5.6441484e-002
  1.3722592e-001  5.5272114e-002
  1.4169707e-001  4.7990062e-002
  1.3541569e-001  4.7608993e-002
  1.2962232e-001  4.4609432e-002
  1.4747740e-001  4.8134162e-002
  1.5104045e-001  4.9521422e-002
  1.3287739e-001  4.6584482e-002
  1.3938887e-001  4.8964025e-002
  1.3723154e-001  4.7602484e-002
  1.4643844e-001  4.8817632e-002
  1.4931752e-001  4.5278134e-002
  1.4435399e-001  4.1631972e-002
  1.4295624e-001  4.2584381e-002
  1.5198857e-001  4.4057634e-002
  1.3549697e-001  4.4896352e-002
  1.3543232e-001  3.7869003e-002
  1.4154605e-001  4.4948082e-002
  1.4640082e-001  4.3757018e-002
  1.5085534e-001  3.7402561e-002
  1.3635089e-001  4.2790573e-002
  1.4437032e-001  4.2874925e-002
  1.4766945e-001  4.1146029e-002
  1.4131068e-001  3.6409439e-002
  1.3114833e-001  4.4132004e-002
  1.3737540e-001  3.5664307e-002
  1.5058760e-001  4.4829122e-002
  1.5101766e-001  3.8487524e-002
  1.3566297e-001  4.2169792e-002
  1.4074673e-001  4.4357513e-002
  1.3427477e-001  4.1810861e-002
  1.4550093e-001  4.2547227e-002
  1.2942020e-001  4.1424035e-002
 -9.6476275e-002  4.2808369e-002
 -9.8253431e-002  3.7222351e-002
 -8.8012067e-002  3.5789469e-002
 -9.3642761e-002  3.6379004e-002
 -9.9550593e-002  2.9542850e-002
 -9.2732909e-002  3.2870613e-002
 -1.0392098e-001  2.1903047e-002
 -9.3163494e-002  2.1453555e-002
 -8.6901538e-002  2.1813015e-002
 -1.0118586e-001  1.2742428e-002
 -1.0105398e-001  1.0346497e-002
 -1.0169545e-001  8.5889940e-003
 -8.5704412e-002  1.0363475e-002
 -8.7453267e-002  1.4903776e-003
 -8.8242755e-002 -4.4070751e-003
 -1.0007735e-001 -3.6971842e-003
 -8.7839694e-002 -2.3974738e-004
 -1.0373339e-001 -5.0547669e-003
 -9.7221040e-002 -4.2351860e-003
 -9.5588474e-002 -7.8040398e-003
 -8.0569643e-002 -8.5141067e-003
 -8.8972649e-002 -1.5251625e-002
 -9.3074155e-002 -1.2325993e-002
 -9.7052978e-002 -1.0607129e-002
 -9.4515176e-002 -1.2751009e-002
 -1.0438488e-001 -1.2618815e-002
 -8.7324553e-002 -1.3081003e-002
 -9.3296550e-002 -2.0867769e-002
 -9.1701965e-002 -1.3027062e-002
 -8.9500229e-002 -1.4403311e-002
 -8.6049549e-002 -1.8521962e-002
 -8.2877195e-002 -1.4337650e-002
 -8.5614605e-002 -2.2798175e-002
 -9.5526743e-002 -1.8564158e-002
 -8.2146130e-002 -2.1568610e-002
 -1.0416520e-001 -2.1244669e-002
 -8.8894749e-002 -2.3465049e-002
 -1.0156061e-001 -1.5917522e-002
 -8.3429882e-002 -1.9481401e-002
 -8.4493797e-002 -1.9456298e-002
 -9.5257473e-002 -1.9163160e-002
 -9.2044296e-002 -1.7572664e-002
 -9.3674430e-002 -2.0617313e-002
 -9.4738924e-002 -2.1593505e-002
 -8.2006551e-002 -1.8425970e-002
 -1.0041653e-001 -2.6104738e-002
 -8.5439908e-002 -1.9913522e-002
 -1.0322090e-001 -1.7325663e-002
 -9.7738919e-002 -2.6422407e-002
 -1.0405807e-001 -1.9179332e-002
 -8.6050746e-002 -2.4723092e-002
 -8.7343822e-002 -1.9036399e-002
 -8.5098356e-002 -2.6813186e-002
 -8.6943768e-002 -2.6685891e-002
 -9.5159603e-002 -1.9708710e-002
 -9.9371944e-002 -2.3299660e-002
 -8.4637717e-002 -2.0585156e-002
 -9.0485260e-002 -2.0570632e-002
 -9.7233906e-002 -2.5064183e-002
 -9.5268831e-002 -2.4683495e-002
 -9.0364070e-002 -1.8286050e-002
 -8.6090626e-002 -2.0686810e-002
 -8.3883723e-002 -2.0465028e-002
 -8.7065168e-002 -2.3822452e-002
 -8.7401220e-002 -2.1985147e-002
 -1.0284272e-001 -2.0684593e-002
 -8.7982858e-002 -1.9831598e-002
 -1.0218284e-001 -2.5736652e-002
 -8.1847390e-002 -1.9486563e-002
 -8.5969438e-002 -1.9212101e-002
 -7.0550586e-002 -2.5666054e-002
 -8.6423324e-002 -2.1430511e-002
 -7.3196429e-002 -1.9685081e-002
 -7.9136926e-002 -2.4487424e-002
 -7.6842959e-002 -2.3269606e-002
 -8.5429920e-002 -2.0100370e-002
 -8.4128896e-002 -2.2585330e-002
 -8.4215887e-002 -2.1240693e-002
 -8.7303251e-002 -2.5419506e-002
 -8.2810193e-002 -1.6247494e-002
 -7.4320852e-002 -2.5271389e-002
 -8.6557030e-002 -2.1582141e-002
 -8.5862961e-002 -2.0026747e-002
 -7.0946548e-002 -1.6390526e-002
 -8.8030404e-002 -2.5174240e-002
 -8.0597818e-002 -1.6467435e-002
 -8.8600614e-002 -1.8865594e-002
 -8.4975643e-002 -2.2937504e-002
 -8.7187023e-002 -1.9293501e-002
 -7.6795297e-002 -1.7287039e-002
 -7.2039651e-002 -1.7842128e-002
 -6.9379265e-002 -2.2910804e-002
 -7.5030516e-002 -1.9361706e-002
 -7.6450246e-002 -2.3121766e-002
 -8.3849894e-002 -2.3303169e-002
 -8.8367024e-002 -1.9971650e-002
 -7.0900200e-002 -2.1039443e-002
 -6.9575836e-002 -1.8401320e-002
 -8.4573265e-002 -1.7534224e-002
 -8.1203466e-002 -1.6353776e-002
 -7.0277924e-002 -2.1773453e-002
 -6.8183530e-002 -1.7933431e-002
 -8.0984872e-002 -2.2257433e-002
 -8.9167801e-002 -1.4897179e-002
 -8.0734466e-002 -1.9502372e-002
 -7.9439518e-002 -1.6904233e-002
 -7.5921088e-002 -1.8133872e-002
 -8.3584124e-002 -1.8793283e-002
 -7.4615157e-002 -2.3284010e-002
 -7.1399835e-002 -1.8457229e-002
 -8.6415281e-002 -1.7426170e-002
 -8.2954378e-002 -1.7916680e-002
 -8.6709261e-002 -2.3441562e-002
 -7.0368859e-002 -1.9632117e-002
 -8.9662841e-002 -2.0680408e-002
 -8.2109838e-002 -2.0845418e-002
 -8.8229419e-002 -1.9845385e-002
 -8.2798994e-002 -2.0880016e-002
 -8.5777082e-002 -2.0740067e-002
 -7.5699339e-002 -1.7571398e-002
 -8.4159887e-002 -1.6376338e-002
 -7.4253290e-002 -1.9625831e-002
 -9.0939045e-002 -2.0810986e-002
 -7.9557713e-002 -2.0995471e-002
 -8.4550845e-002 -2.3304424e-002
 -9.1065446e-002 -1.9747581e-002
 -8.5156554e-002 -2.2585226e-002
 -8.9416701e-002 -2.2780450e-002
 -7.3610689e-002 -2.1396273e-002
 -9.1405736e-002 -2.2461977e-002
 -8.4539137e-002 -1.6934232e-002
 -7.1590649e-002 -2.0632923e-002
 -7.3753488e-002 -2.2858688e-002
 -8.4671565e-002 -1.5571257e-002
 -7.3466931e-002 -1.6559634e-002
 -7.8481158e-002 -1.5042938e-002
 -7.5281990e-002 -1.6397737e-002
 -8.7832671e-002 -1.8962101e-002
 -9.6462829e-001 -2.1761501e-002
 -9.6331117e-001 -1.6498692e-002
 -9.7046573e-001 -4.4380265e-003
 -9.5910797e-001  1.9894554e-002
 -9.6223383e-001  5.6232620e-002
 -9.5493672e-001  9.9045371e-002
 -9.7572259e-001  1.3810313e-001
 -9.5322125e-001  1.7452831e-001
 -9.5476917e-001  2.1014886e-001
 -9.5392579e-001  2.4898694e-001
 -9.6543862e-001  2.8130950e-001
 -9.5829897e-001  3.1604165e-001
 -9.6115843e-001  3.4158467e-001
 -9.6568491e-001  3.6887189e-001
 -9.6623701e-001  3.9760442e-001
 -9.5851055e-001  4.1780552e-001
 -9.5594555e-001  4.3833861e-001
 -9.7457808e-001  4.6541099e-001
 -9.5941283e-001  4.8070312e-001
 -9.6746379e-001  4.9862853e-001
 -9.7504834e-001  5.0843320e-001
 -9.5289129e-001  5.2517174e-001
 -9.5817029e-001  5.3876829e-001
 -9.5730180e-001  5.4783475e-001
 -9.7065116e-001  5.5986432e-001
 -9.5626820e-001  5.6086949e-001
 -9.5354918e-001  5.7650143e-001
 -9.5315372e-001  5.7387484e-001
 -9.6565407e-001  5.8128042e-001
 -9.6679724e-001  5.9321622e-001
 -9.6929015e-001  6.0000032e-001
 -9.6312836e-001  6.0099380e-001
 -9.5440109e-001  6.0523362e-001
 -9.7528764e-001  6.0410573e-001
 -9.5749158e-001  6.1054028e-001
 -9.7480239e-001  6.1667433e-001
 -9.5733448e-001  6.1883913e-001
 -9.6240729e-001  6.2388623e-001
 -9.5268511e-001  6.2438334e-001
 -9.6836703e-001  6.2175834e-001
 -9.6409787e-001  6.2686157e-001
 -9.5415857e-001  6.2493406e-001
 -9.7579012e-001  6.3117528e-001
 -9.7111147e-001  6.3002953e-001
 -9.5793016e-001  6.3238632e-001
 -9.7287897e-001  6.3443262e-001
 -9.6426681e-001  6.3291128e-001
 -9.5954591e-001  6.3812442e-001
 -9.5494511e-001  6.3737919e-001
 -9.6584297e-001  6.3745419e-001
 -9.7525586e-001  6.3293813e-001
 -9.7204399e-001  6.3517039e-001
 -9.5682697e-001  6.3400467e-001
 -9.7304114e-001  6.3515009e-001
 -9.6420891e-001  6.3927311e-001
 -9.7143574e-001  6.4018093e-001
 -9.6256309e-001  6.3554501e-001
 -9.6256173e-001  6.3880173e-001
 -9.7561861e-001  6.3945317e-001
 -9.6601777e-001  6.4307668e-001
 -9.6748106e-001  6.3836509e-001
 -9.6065030e-001  6.3847314e-001
 -9.5380246e-001  6.3684069e-001
 -9.7146991e-001  6.3849858e-001
 -9.5770928e-001  6.4286698e-001
 -9.5228690e-001  6.3847428e-001
 -9.7262881e-001  6.4321240e-001
 -9.5272016e-001  6.3670328e-001
 -9.7410323e-001  6.4461215e-001
  5.6215449e-001  6.4508249e-001
  5.7257924e-001  6.4259250e-001
  5.7796487e-001  6.3401994e-001
  5.8085353e-001  6.1557916e-001
  5.7422455e-001  5.8652762e-001
  5.6255314e-001  5.6625847e-001
  5.6557122e-001  5.3613844e-001
  5.8271247e-001  5.1718445e-001
  5.7967939e-001  4.9248794e-001
  5.8149900e-001  4.6633045e-001
  5.8062772e-001  4.4085279e-001
  5.7543727e-001  4.2090254e-001
  5.7310261e-001  4.0311535e-001
  5.6254378e-001  3.7936361e-001
  5.7246768e-001  3.6315513e-001
  5.7357806e-001  3.5158091e-001
  5.6512391e-001  3.4009727e-001
  5.7524280e-001  3.2895226e-001
  5.8108032e-001  3.0871875e-001
  5.7329466e-001  3.0203725e-001
  5.8259979e-001  2.9266891e-001
  5.6625891e-001  2.8558077e-001
  5.7209568e-001  2.7421451e-001
  5.6337358e-001  2.7282930e-001
  5.8498262e-001  2.6228300e-001
  5.8246910e-001  2.5768293e-001
  5.8340388e-001  2.5043839e-001
  5.7760642e-001  2.4277275e-001
  5.6166493e-001  2.3981298e-001
  5.8473563e-001  2.3579825e-001
  5.6533009e-001  2.3742473e-001
  5.7226959e-001  2.3273304e-001
  5.7205819e-001  2.3220498e-001
  5.7154066e-001  2.2299587e-001
  5.8032260e-001  2.2753276e-001
  5.6761656e-001  2.2377500e-001
  5.8238990e-001  2.2224919e-001
  5.7592977e-001  2.1711047e-001
  5.6337407e-001  2.2175725e-001
  5.7586609e-001  2.1667904e-001
  5.6318972e-001  2.1681673e-001
  5.8482047e-001  2.1234786e-001
  5.7548745e-001  2.1247903e-001
  5.8347411e-001  2.1495695e-001
  5.6668699e-001  2.1444309e-001
  5.6978595e-001  2.1562679e-001
  5.7253663e-001  2.0686784e-001
  5.7723151e-001  2.0526258e-001
  5.6635706e-001  2.0507911e-001
  5.6801900e-001  2.1313370e-001
  5.7212989e-001  2.0463785e-001
  5.7098338e-001  2.0874184e-001
  5.8405468e-001  2.0732994e-001
  5.6317172e-001  2.1180692e-001
  5.7228962e-001  2.0554662e-001
  5.7806559e-001  2.0633706e-001
  5.6412150e-001  2.1066878e-001
  5.6556388e-001  2.0736047e-001
  5.7323008e-001  2.0381795e-001
  5.7554208e-001  2.0142822e-001
  5.6895618e-001  2.0781882e-001
  5.7853172e-001  2.0717450e-001
  5.8232623e-001  2.0530069e-001
  5.7320961e-001  2.0635203e-001
  5.8076165e-001  2.0291126e-001
  5.7007219e-001  2.0195854e-001
  5.8136780e-001  2.0953264e-001
  5.6274183e-001  2.0500520e-001
  5.7717033e-001  2.0597780e-001
 -6.4876375e-001  2.0715773e-001
 -6.5416176e-001  2.0143783e-001
 -6.6715838e-001  2.0597084e-001
 -6.6800918e-001  2.0062049e-001
 -6.4912200e-001  1.8988028e-001
 -6.4700011e-001  1.8333919e-001
 -6.5208141e-001  1.8190772e-001
 -6.5625393e-001  1.6556342e-001
 -6.4530591e-001  1.5909093e-001
 -6.4974391e-001  1.5350638e-001
 -6.6509832e-001  1.5246324e-001
 -6.4632027e-001  1.4262128e-001
 -6.4674264e-001  1.3407002e-001
 -6.4538375e-001  1.3652932e-001
 -6.5034411e-001  1.3109371e-001
 -6.6493840e-001  1.2731934e-001
 -6.4817595e-001  1.2066119e-001
 -6.6529138e-001  1.2216757e-001
 -6.5496219e-001  1.1727664e-001
 -6.5855276e-001  1.1395286e-001
 -6.5763679e-001  1.0968360e-001
 -6.5213114e-001  1.0684308e-001
 -6.5067076e-001  1.0050157e-001
 -6.6012635e-001  1.0715675e-001
 -6.6818769e-001  1.0322585e-001
 -6.5121371e-001  1.0100169e-001
 -6.5552194e-001  9.9830695e-002
 -6.6541901e-001  9.1652456e-002
 -6.4582108e-001  9.7765906e-002
 -6.5791990e-001  9.4228934e-002
 -6.4431077e-001  9.2776146e-002
 -6.6749365e-001  9.4141346e-002
 -6.6167161e-001  9.3686704e-002
 -6.4791948e-001  8.9405251e-002
 -6.6595958e-001  8.8657535e-002
 -6.4686131e-001  9.3521741e-002
 -6.4695029e-001  8.5441835e-002
 -6.5834746e-001  8.4692433e-002
 -6.5163936e-001  8.7860047e-002
 -6.4728371e-001  8.8053735e-002
 -6.6133949e-001  9.1920379e-002
 -6.6663505e-001  8.7239850e-002
 -6.5636105e-001  9.0715339e-002
 -6.5756498e-001  8.9153515e-002
 -6.5434549e-001  8.3886581e-002
 -6.6039504e-001  8.2765069e-002
 -6.6047205e-001  8.7887588e-002
 -6.4451345e-001  8.8735742e-002
 -6.5869987e-001  9.0816420e-002
 -6.4726661e-001  8.3716448e-002
 -6.6447925e-001  8.3518506e-002
 -6.4817988e-001  8.8084420e-002
 -6.5349205e-001  8.7945585e-002
 -6.6085414e-001  8.8352421e-002
 -6.4783692e-001  8.2985687e-002
 -6.4584742e-001  9.0091606e-002
 -6.5393296e-001  8.8256306e-002
 -6.6487002e-001  8.3495209e-002
 -6.4827088e-001  9.0144546e-002
 -6.6257947e-001  8.6233399e-002
 -6.5732036e-001  8.7650633e-002
 -6.6360133e-001  8.8427463e-002
 -6.4502431e-001  8.4106630e-002
 -6.5348581e-001  8.5659681e-002
 -6.5901866e-001  8.8563518e-002
 -6.5165742e-001  8.5328268e-002
 -6.5122580e-001  8.9499642e-002
 -6.5109044e-001  9.0195501e-002
 -6.4566623e-001  8.9048754e-002
 -5.4037843e-001  8.1815632e-002
 -5.5414269e-001  8.8661625e-002
 -5.5813016e-001  7.8464256e-002
 -5.4184561e-001  8.0922662e-002
 -5.4191409e-001  7.2651913e-002
 -5.5658349e-001  6.8888568e-002
 -5.5331643e-001  6.4424188e-002
 -5.5148395e-001  6.5618881e-002
 -5.4305911e-001  5.6007784e-002
 -5.5022231e-001  5.1660745e-002
 -5.5475883e-001  4.8881062e-002
 -5.5674403e-001  4.3471583e-002
 -5.5428871e-001  4.1142255e-002
 -5.5553331e-001  4.0597727e-002
 -5.5372444e-001  3.1699177e-002
 -5.5568015e-001  2.9584867e-002
 -5.3936408e-001  2.6800869e-002
 -5.6230660e-001  2.4739165e-002
 -5.5936026e-001  2.6074573e-002
 -5.4776924e-001  2.2614898e-002
 -5.4886586e-001  2.1852687e-002
 -5.5291087e-001  1.9354832e-002
 -5.4720812e-001  2.1805064e-002
 -5.4628041e-001  1.5843085e-002
 -5.6185931e-001  1.5497115e-002
 -5.6043571e-001  1.2258910e-002
 -5.5943761e-001  1.5114911e-002
 -5.4765574e-001  1.2237556e-002
 -5.4918898e-001  1.2267449e-002
 -5.3958877e-001  1.5336548e-002
 -5.4219995e-001  8.7042680e-003
 -5.5417442e-001  1.5183052e-002
 -5.5896135e-001  1.4545625e-002
 -5.5430315e-001  7.3097221e-003
 -5.5521893e-001  1.1602575e-002
 -5.5212170e-001  4.4666598e-003
 -5.4070054e-001  7.6002662e-003
 -5.5142641e-001  1.1563500e-002
 -5.4798741e-001  1.0962751e-002
 -5.4643895e-001  7.8855749e-003
 -5.5586328e-001  9.1322975e-003
 -5.4719571e-001  1.0727550e-002
 -5.4147489e-001  1.2467373e-002
 -5.5643377e-001  3.6298427e-003
 -5.5297689e-001  5.8380412e-003
 -5.4863850e-001  7.1367925e-003
 -5.4359667e-001  6.8062764e-003
 -5.4658023e-001  2.5699169e-003
 -5.5210692e-001  8.6984131e-003
 -5.5955166e-001  6.2137729e-003
 -5.5834133e-001  8.5574133e-003
 -5.5341380e-001  4.7400156e-003
 -5.5760714e-001  6.8699591e-003
 -5.5857426e-001  7.6377747e-003
 -5.5803503e-001  6.6942583e-003
 -5.5721916e-001  5.8749389e-003
 -5.6092263e-001  1.1060189e-002
 -5.4803511e-001  1.9937786e-003
 -5.4995186e-001  5.8371236e-003
 -5.6141959e-001  3.9078239e-003
 -5.3999959e-001  8.0323467e-003
 -5.5350051e-001  2.7711839e-003
 -5.3968548e-001  4.2309462e-003
 -5.6039785e-001  1.8025808e-003
 -5.5470744e-001  5.1794710e-003
 -5.6019515e-001  2.4404369e-003
 -5.4801158e-001  2.8132553e-003
 -5.4139852e-001  2.9976117e-003
 -5.4197687e-001  1.0802803e-003
  6.9928103e-002  1.0754690e-002
  6.9498163e-002  6.5778899e-003
  8.1766247e-002  4.6879788e-003
  6.3527410e-002  7.9298558e-003
  6.4328536e-002  7.1508635e-003
  6.6361845e-002  9.2575145e-003
  8.3384633e-002  1.3905852e-002
  8.1534325e-002  9.4741129e-003
  8.1317039e-002  9.2740898e-003
  7.5964448e-002  1.6096633e-002
  6.8014454e-002  1.3340339e-002
  7.1195118e-002  1.6136383e-002
  6.6413828e-002  1.7330236e-002
  8.3634160e-002  1.2578994e-002
  7.5611675e-002  1.3431152e-002
  7.4887380e-002  1.8434329e-002
  6.1358408e-002  1.8574634e-002
  6.8176958e-002  1.2713550e-002
  6.9831925e-002  1.7952580e-002
  6.3440519e-002  2.0978192e-002
  8.0179040e-002  1.4289988e-002
  7.8099959e-002  1.5357684e-002
  6.9604183e-002  1.5155994e-002
  7.6627096e-002  1.2729637e-002
  7.3790035e-002  1.7655650e-002
  6.8799915e-002  1.8055508e-002
  7.2708769e-002  2.1424212e-002
  6.9692510e-002  2.0572886e-002
  6.3112511e-002  1.5667378e-002
  7.3842582e-002  2.1585323e-002
  6.2790189e-002  1.4824669e-002
  8.2393897e-002  1.9862848e-002
  8.4883239e-002  2.0211685e-002
  6.6660728e-002  1.7178419e-002
  8.3089038e-002  2.3463712e-002
  7.1993529e-002  2.0465162e-002
  6.2631986e-002  2.1315654e-002
  7.2624460e-002  1.9132790e-002
  6.7796396e-002  1.6124858e-002
  6.1491696e-002  1.5249069e-002
  6.1152022e-002  2.2716015e-002
  6.5040423e-002  2.1579588e-002
  7.8384653e-002  2.0551555e-002
  6.6639429e-002  1.6443675e-002
  7.4890689e-002  2.2345134e-002
  6.4410552e-002  2.0266963e-002
  7.2037550e-002  1.9916475e-002
  6.8687841e-002  2.2029254e-002
  8.3270044e-002  2.2492469e-002
  7.6895163e-002  1.6150715e-002
  7.0837468e-002  2.4571855e-002
  7.6596728e-002  2.0334538e-002
  7.4800210e-002  1.7807240e-002
  6.7106207e-002  1.5773202e-002
  7.5040025e-002  1.4762456e-002
  8.4226950e-002  1.9738126e-002
  7.3905030e-002  2.1520218e-002
  7.5416093e-002  2.1470211e-002
  8.2661523e-002  1.8163912e-002
  7.1984262e-002  2.3070048e-002
  7.4732042e-002  2.3249333e-002
  7.7202061e-002  2.4541497e-002
  8.3207514e-002  1.8953593e-002
  7.4679753e-002  2.3401972e-002
  7.7173100e-002  1.9543207e-002
  6.9776567e-002  1.7794263e-002
  6.1621316e-002  1.6046724e-002
  6.3232394e-002  2.0119319e-002
  8.0939061e-002  2.0873899e-002
 -7.8187196e-002  2.4405159e-002
 -7.2586745e-002  1.8747579e-002
 -7.3714048e-002  2.3510494e-002
 -6.9916099e-002  2.0339643e-002
 -6.9967925e-002  1.5965443e-002
 -8.6607442e-002  1.1155340e-002
 -7.4317604e-002  1.0659734e-002
 -7.9148360e-002  1.3282298e-002
 -7.1269096e-002  2.6635197e-003
 -6.6266340e-002  6.9629905e-003
 -8.4800011e-002  1.0631715e-003
 -7.2068437e-002 -2.3341990e-003
 -8.5369647e-002 -9.2729163e-004
 -7.0388305e-002 -1.8610981e-003
 -6.9756420e-002 -7.0785650e-003
 -7.5150839e-002 -8.4693104e-003
 -7.3482517e-002 -6.5600088e-003
 -8.0308561e-002 -1.1428413e-002
 -8.7353829e-002 -6.3132083e-003
 -7.4128044e-002 -1.0751854e-002
 -8.6908416e-002 -8.2040147e-003
 -8.2906456e-002 -1.6586550e-002
 -7.4822069e-002 -1.4080490e-002
 -8.0115773e-002 -1.1812826e-002
 -8.5055774e-002 -1.4891024e-002
 -6.7753206e-002 -1.0772380e-002
 -7.3980876e-002 -1.8396158e-002
 -7.1597281e-002 -1.8246557e-002
 -6.8681067e-002 -1.5113695e-002
 -7.4871785e-002 -1.8703909e-002
 -8.7328210e-002 -1.7392341e-002
 -7.3079464e-002 -1.3012792e-002
 -7.6855928e-002 -1.4740772e-002
 -6.8622237e-002 -2.0695459e-002
 -6.4596762e-002 -1.3863004e-002
 -6.7808067e-002 -1.9165705e-002
 -7.5474933e-002 -1.5619097e-002
 -7.4559617e-002 -1.4565232e-002
 -6.9528045e-002 -1.4863585e-002
 -8.5989245e-002 -1.8474029e-002
 -6.7728123e-002 -1.9481997e-002
 -6.6693516e-002 -1.4171269e-002
 -6.9695991e-002 -2.0568942e-002
 -7.0790411e-002 -1.7048578e-002
 -8.6060622e-002 -2.2119157e-002
 -7.5832234e-002 -2.2986272e-002
 -7.4368280e-002 -1.5928232e-002
 -8.6462341e-002 -1.5965168e-002
 -6.4947400e-002 -2.1397936e-002
 -7.7615338e-002 -1.9550972e-002
 -8.6787746e-002 -1.9563824e-002
 -6.5060337e-002 -1.5862065e-002
 -8.3433798e-002 -2.1976733e-002
 -7.2677331e-002 -1.4635173e-002
 -7.1587783e-002 -2.3060616e-002
 -8.7397997e-002 -2.2670243e-002
 -7.0115507e-002 -1.6749026e-002
 -8.1116931e-002 -1.4178362e-002
 -6.6197455e-002 -1.4268796e-002
 -6.9084166e-002 -1.9344139e-002
 -7.5927889e-002 -1.8722778e-002
 -8.2111743e-002 -1.9904719e-002
 -6.5917980e-002 -1.4595656e-002
 -7.2323517e-002 -2.2781622e-002
 -6.7752427e-002 -1.6396479e-002
 -8.6919410e-002 -1.5455783e-002
 -7.1177621e-002 -2.2564432e-002
 -6.8426267e-002 -1.9084111e-002
 -7.6600892e-002 -2.2079582e-002
  3.8554396e-001 -1.6546707e-002
  3.8660523e-001 -2.1983865e-002
  3.7162914e-001 -1.3585003e-002
  3.7218714e-001 -6.2558635e-003
  3.8404583e-001 -7.9148144e-003
  3.6942748e-001  3.2580784e-003
  3.6830143e-001  1.6253022e-002
  3.8036525e-001  1.9205972e-002
  3.7502389e-001  2.4146364e-002
  3.6860968e-001  3.7050469e-002
  3.7467908e-001  4.0419947e-002
  3.8229955e-001  5.4041541e-002
  3.7752020e-001  5.0469675e-002
  3.7016819e-001  6.0986368e-002
  3.6973491e-001  6.5116710e-002
  3.7127600e-001  7.4038028e-002
  3.7195804e-001  7.9953528e-002
  3.6945607e-001  7.8284085e-002
  3.7292430e-001  8.4257307e-002
  3.7946351e-001  8.7619221e-002
  3.8870558e-001  8.6438954e-002
  3.8764936e-001  9.5329230e-002
  3.7851292e-001  9.0522112e-002
  3.7399437e-001  9.7229222e-002
  3.7667449e-001  1.0248387e-001
  3.8345177e-001  9.6999438e-002
  3.8441760e-001  9.6527036e-002
  3.6885200e-001  9.8441723e-002
  3.8185351e-001  1.0500979e-001
  3.7418854e-001  1.0648562e-001
  3.6636909e-001  1.0373181e-001
  3.8879696e-001  1.0560925e-001
  3.8526721e-001  1.1196255e-001
  3.8356971e-001  1.1275032e-001
  3.7349196e-001  1.1071895e-001
  3.7324638e-001  1.0586108e-001
  3.7652082e-001  1.1179265e-001
  3.6601645e-001  1.0822399e-001
  3.8845646e-001  1.1464509e-001
  3.7710040e-001  1.1537998e-001
  3.6703179e-001  1.0968617e-001
  3.7579462e-001  1.1623913e-001
  3.8404217e-001  1.1683403e-001
  3.7465624e-001  1.1155889e-001
  3.8073850e-001  1.1671267e-001
  3.8516461e-001  1.1097631e-001
  3.6817014e-001  1.1406092e-001
  3.7624987e-001  1.1811876e-001
  3.8379492e-001  1.1731218e-001
  3.6528657e-001  1.1833391e-001
  3.8448701e-001  1.1847450e-001
  3.7886114e-001  1.1853799e-001
  3.8649299e-001  1.1480647e-001
  3.6967744e-001  1.1565391e-001
  3.6571068e-001  1.1226717e-001
  3.6991658e-001  1.1772523e-001
  3.8121615e-001  1.1719168e-001
  3.7360767e-001  1.1639927e-001
  3.7945359e-001  1.1751230e-001
  3.7771535e-001  1.1141429e-001
  3.8830881e-001  1.1221352e-001
  3.8138257e-001  1.1125470e-001
  3.7691364e-001  1.1701590e-001
  3.7366368e-001  1.1446156e-001
  3.8878130e-001  1.1753180e-001
  3.7260249e-001  1.1818812e-001
  3.7892285e-001  1.1781068e-001
  3.8679926e-001  1.1879055e-001
  3.7893002e-001  1.1435091e-001
 -8.4438024e-001  1.1576987e-001
 -8.4529580e-001  1.1192141e-001
 -8.4857807e-001  1.2617113e-001
 -8.3389260e-001  1.3237712e-001
 -8.3198154e-001  1.3959160e-001
 -8.3188767e-001  1.5708452e-001
 -8.3683975e-001  1.6605057e-001
 -8.4034208e-001  1.8261662e-001
 -8.5072662e-001  1.9423601e-001
 -8.4723031e-001  2.1499824e-001
 -8.5341566e-001  2.2202002e-001
 -8.3382749e-001  2.3888233e-001
 -8.4044475e-001  2.4252620e-001
 -8.3176026e-001  2.5323765e-001
 -8.4230994e-001  2.6682853e-001
 -8.4717548e-001  2.6811039e-001
 -8.4671346e-001  2.7717507e-001
 -8.4517078e-001  2.8556482e-001
 -8.3196097e-001  2.9099228e-001
 -8.3131927e-001  3.0108777e-001
 -8.3193901e-001  3.0746978e-001
 -8.3423334e-001  3.0549169e-001
 -8.4620756e-001  3.1468998e-001
 -8.3813081e-001  3.1229879e-001
 -8.4938723e-001  3.1953970e-001
 -8.3543779e-001  3.1756563e-001
 -8.5382154e-001  3.2843579e-001
 -8.3414786e-001  3.2413061e-001
 -8.3999748e-001  3.2526997e-001
 -8.4691967e-001  3.3583911e-001
 -8.4539444e-001  3.3253385e-001
 -8.4911991e-001  3.3609656e-001
 -8.5132585e-001  3.3986499e-001
 -8.5188124e-001  3.4270359e-001
 -8.3102705e-001  3.3488731e-001
 -8.3455383e-001  3.3926588e-001
 -8.4436930e-001  3.3798551e-001
 -8.4210827e-001  3.3852184e-001
 -8.4092042e-001  3.3922042e-001
 -8.3477417e-001  3.4397581e-001
 -8.3836307e-001  3.4236214e-001
 -8.3916474e-001  3.4782497e-001
 -8.4250251e-001  3.4600711e-001
 -8.4868005e-001  3.4638516e-001
 -8.3282803e-001  3.4353121e-001
 -8.4202811e-001  3.4728379e-001
 -8.4949327e-001  3.4457478e-001
 -8.3472999e-001  3.4648617e-001
 -8.3272635e-001  3.4942752e-001
 -8.4844461e-001  3.4297314e-001
 -8.5114735e-001  3.4779833e-001
 -8.4764098e-001  3.4558114e-001
 -8.3883962e-001  3.5064266e-001
 -8.3653414e-001  3.4651021e-001
 -8.3613157e-001  3.4992796e-001
 -8.4052060e-001  3.4976764e-001
 -8.4480965e-001  3.5302114e-001
 -8.3062577e-001  3.5302900e-001
 -8.3825818e-001  3.4801198e-001
 -8.4123602e-001  3.5300289e-001
 -8.4371605e-001  3.4649015e-001
 -8.5224264e-001  3.4643094e-001
 -8.4371673e-001  3.4837076e-001
 -8.3062837e-001  3.5302517e-001
 -8.3106213e-001  3.5155077e-001
 -8.3775960e-001  3.5371494e-001
 -8.4621008e-001  3.4795034e-001
 -8.5246388e-001  3.5034859e-001
 -8.4219842e-001  3.5016636e-001
 -6.0421131e-001  3.4719387e-001
 -5.8725155e-001  3.5446928e-001
 -6.0541873e-001  3.3992378e-001
 -6.0283732e-001  3.3035609e-001
 -5.9810763e-001  3.1641401e-001
 -5.8879524e-001  2.9027509e-001
 -5.9596375e-001  2.7757924e-001
 -5.8396421e-001  2.5574615e-001
 -5.9878981e-001  2.4079435e-001
 -5.9463240e-001  2.1716938e-001
 -6.0389478e-001  2.0593316e-001
 -6.0499528e-001  1.9134765e-001
 -5.9679536e-001  1.7928067e-001
 -5.9677895e-001  1.6259419e-001
 -5.9401570e-001  1.4657905e-001
 -5.9811316e-001  1.3593813e-001
 -5.8644169e-001  1.2641901e-001
 -6.0428729e-001  1.2104684e-001
 -6.0337243e-001  1.0780730e-001
 -5.9451326e-001  1.0463107e-001
 -5.8443800e-001  9.5489118e-002
 -5.9965440e-001  9.1223465e-002
 -5.9567957e-001  8.7151721e-002
 -5.9921958e-001  7.7581033e-002
 -6.0621036e-001  7.2869809e-002
 -5.9975264e-001  7.4456779e-002
 -6.0480019e-001  6.5055548e-002
 -6.0484831e-001  6.6810904e-002
 -6.0462583e-001  5.8160966e-002
 -5.9688110e-001  5.7935039e-002
 -6.0490092e-001  5.6590561e-002
 -6.0299590e-001  5.4235317e-002
 -6.0569642e-001  5.5298534e-002
 -5.8955574e-001  4.6072899e-002
 -5.9057016e-001  4.8075096e-002
 -5.9368666e-001  4.8350079e-002
 -6.0425213e-001  4.4261118e-002
 -6.0556511e-001  4.1095501e-002
 -5.9658663e-001  4.5432369e-002
 -6.0302523e-001  4.0833402e-002
 -5.9700857e-001  3.8490132e-002
 -5.8357248e-001  4.5646994e-002
 -6.0209725e-001  4.4692136e-002
 -5.9684183e-001  3.8737466e-002
 -5.8361719e-001  4.3241257e-002
 -6.0234492e-001  4.0296796e-002
 -5.8767222e-001  4.0641653e-002
 -6.0155103e-001  4.0694648e-002
 -6.0194838e-001  3.9124422e-002
 -6.0491807e-001  3.3488795e-002
 -5.8714181e-001  3.7458635e-002
 -5.9302430e-001  3.9622117e-002
 -5.8338265e-001  3.6213338e-002
 -5.9759410e-001  3.4141833e-002
 -5.9627667e-001  3.7917721e-002
 -5.8296039e-001  3.9722439e-002
 -5.8580116e-001  3.2038179e-002
 -5.9487137e-001  3.1551477e-002
 -5.8614637e-001  3.7379940e-002
 -5.8710102e-001  3.3698218e-002
 -5.9025339e-001  3.3328115e-002
 -6.0326195e-001  3.2610643e-002
 -6.0267587e-001  3.1575018e-002
 -6.0251196e-001  3.2412630e-002
 -5.8993687e-001  3.3781423e-002
 -5.9908565e-001  3.8730348e-002
 -5.9360539e-001  3.8960907e-002
 -5.9152142e-001  2.9148448e-002
 -5.9246850e-001  3.7158347e-002
 -2.8531602e-001  3.7052720e-002
 -3.0228264e-001  3.7589952e-002
 -2.9518461e-001  2.8637073e-002
 -2.8932590e-001  2.6736656e-002
 -2.9770826e-001  2.3783607e-002
 -2.8845027e-001  2.0738267e-002
 -2.8781321e-001  1.1562853e-002
 -3.0496788e-001  8.4289764e-003
 -2.8208958e-001  1.7120955e-003
 -2.9312421e-001 -4.7279805e-003
 -2.9649485e-001 -5.5010802e-003
 -2.8930386e-001 -1.1662172e-002
 -2.9813184e-001 -1.5585102e-002
 -3.0080240e-001 -1.9931559e-002
 -2.9844084e-001 -2.1602482e-002
 -2.8980397e-001 -1.7584967e-002
 -2.9818443e-001 -2.8727058e-002
 -2.8282141e-001 -2.3476405e-002
 -2.9092267e-001 -3.0003010e-002
 -2.9462887e-001 -2.8138601e-002
 -3.0303177e-001 -2.9242789e-002
 -2.9048271e-001 -3.5785767e-002
 -2.8484231e-001 -3.3906338e-002
 -2.9848812e-001 -4.1056599e-002
 -3.0106601e-001 -3.5769074e-002
 -2.9734993e-001 -4.2158302e-002
 -2.8451071e-001 -3.9269315e-002
 -2.8284727e-001 -4.2053576e-002
 -2.9333236e-001 -4.4586280e-002
 -2.8696106e-001 -3.9551190e-002
 -2.9774457e-001 -4.5333191e-002
 -2.9850255e-001 -4.6458629e-002
 -2.8587015e-001 -4.5479833e-002
 -3.0454141e-001 -4.5842391e-002
 -2.8771801e-001 -4.2147645e-002
 -3.0186880e-001 -4.3871618e-002
 -3.0143954e-001 -4.9007840e-002
 -2.8308478e-001 -4.9285741e-002
 -2.9774006e-001 -4.7258173e-002
 -2.8847258e-001 -4.4558410e-002
 -2.9954172e-001 -4.8157137e-002
 -2.9061045e-001 -4.6505735e-002
 -2.9645657e-001 -4.5001211e-002
 -3.0057547e-001 -5.2194888e-002
 -2.9378350e-001 -4.9075910e-002
 -3.0508463e-001 -4.5680275e-002
 -2.9434557e-001 -5.2020826e-002
 -2.8818767e-001 -5.3639622e-002
 -2.8782826e-001 -4.8874952e-002
 -2.9229703e-001 -4.5458884e-002
 -3.0213112e-001 -5.3939945e-002
 -2.8656170e-001 -4.7532083e-002
 -2.8139737e-001 -4.9840457e-002
 -2.9403030e-001 -5.0126209e-002
 -3.0448377e-001 -5.2470191e-002
 -3.0333608e-001 -4.5913463e-002
 -2.9371311e-001 -4.6968895e-002
 -3.0375896e-001 -4.5788908e-002
 -2.9497434e-001 -5.2451952e-002
 -2.8755617e-001 -4.5886397e-002
 -2.8875296e-001 -5.3651670e-002
 -2.8172792e-001 -5.5530152e-002
 -2.8399631e-001 -4.6965440e-002
 -2.9234248e-001 -5.4727289e-002
 -2.9164454e-001 -5.4319079e-002
 -2.9140558e-001 -5.1574458e-002
 -2.9294728e-001 -5.5323269e-002
 -2.8459773e-001 -4.9433398e-002
 -2.9992402e-001 -5.2773880e-002
 -3.5654107e-001 -5.1220446e-002
 -3.6380859e-001 -4.9164873e-002
 -3.4868341e-001 -5.0768797e-002
 -3.5001695e-001 -4.7648087e-002
 -3.4898571e-001 -5.2078822e-002
 -3.6205576e-001 -4.7925524e-002
 -3.5546446e-001 -4.6541182e-002
 -3.5094719e-001 -5.4275859e-002
 -3.5818427e-001 -4.7270231e-002
 -3.6006508e-001 -4.5480302e-002
 -3.5310758e-001 -5.2951174e-002
 -3.5731961e-001 -4.6206007e-002
 -3.6389260e-001 -5.1472752e-002
 -3.6282574e-001 -5.1272785e-002
 -3.6513251e-001 -4.7918864e-002
 -3.5292776e-001 -5.1194308e-002
 -3.5399607e-001 -5.4024942e-002
 -3.5347106e-001 -4.7862855e-002
 -3.5878108e-001 -4.7631009e-002
 -3.6093966e-001 -5.0726836e-002
 -3.6292295e-001 -4.7838670e-002
 -3.5812459e-001 -5.0852243e-002
 -3.6264738e-001 -4.8196058e-002
 -3.5272985e-001 -5.1824053e-002
 -3.6215186e-001 -5.4761634e-002
 -3.5703523e-001 -4.5133767e-002
 -3.6841062e-001 -4.6674949e-002
 -3.5667539e-001 -4.7480921e-002
 -3.4759906e-001 -4.6446462e-002
 -3.5681187e-001 -4.4961580e-002
 -3.6895731e-001 -5.3568890e-002
 -3.4849250e-001 -4.9952172e-002
 -3.5591720e-001 -4.9667024e-002
 -3.6286275e-001 -4.6785764e-002
 -3.5985994e-001 -5.2321720e-002
 -3.6856903e-001 -4.5485165e-002
 -3.6574940e-001 -5.4641129e-002
 -3.6822236e-001 -4.7373752e-002
 -3.6140203e-001 -5.3260087e-002
 -3.6226626e-001 -5.2423231e-002
 -3.5682581e-001 -5.2918725e-002
 -3.6079123e-001 -4.9662382e-002
 -3.7007865e-001 -4.8771243e-002
 -3.5429565e-001 -4.4864722e-002
 -3.5000873e-001 -4.5117229e-002
 -3.6647358e-001 -5.1461068e-002
 -3.5817065e-001 -4.9927033e-002
 -3.5827065e-001 -5.2782611e-002
 -3.7008058e-001 -4.5168356e-002
 -3.4846805e-001 -5.0513479e-002
 -3.4791425e-001 -5.1491370e-002
 -3.5704776e-001 -4.6325769e-002
 -3.5822019e-001 -4.6753891e-002
 -3.5775527e-001 -4.6468073e-002
 -3.5128719e-001 -4.7389927e-002
 -3.5874793e-001 -4.5377346e-002
 -3.5775554e-001 -4.7588065e-002
 -3.5616076e-001 -5.0901704e-002
 -3.5860438e-001 -4.5130998e-002
 -3.6967400e-001 -4.8373094e-002
 -3.4637423e-001 -4.7572301e-002
 -3.5891597e-001 -4.8381951e-002
 -3.6593764e-001 -4.5976260e-002
 -3.4900687e-001 -5.2100186e-002
 -3.5356869e-001 -4.6283804e-002
 -3.5849718e-001 -5.0618799e-002
 -3.4933732e-001 -5.3153104e-002
 -3.6353878e-001 -5.3748732e-002
 -3.4684958e-001 -5.0228330e-002
 -4.7467713e-001 -5.1536734e-002
 -4.7282402e-001 -4.6992840e-002
 -4.7887085e-001 -4.9528703e-002
 -4.8452539e-001 -5.2424801e-002
 -4.6743827e-001 -4.3065124e-002
 -4.8350000e-001 -5.0201710e-002
 -4.6402068e-001 -4.7326654e-002
 -4.7329133e-001 -4.1422639e-002
 -4.7890318e-001 -4.2541246e-002
 -4.6920026e-001 -4.2040031e-002
 -4.6864921e-001 -3.6985820e-002
 -4.6086296e-001 -3.3877251e-002
 -4.7829284e-001 -3.6864821e-002
 -4.7386948e-001 -3.6569359e-002
 -4.8130363e-001 -3.1903213e-002
 -4.8057304e-001 -3.6399786e-002
 -4.6968421e-001 -3.3104976e-002
 -4.7402753e-001 -3.7106944e-002
 -4.6913206e-001 -3.0984248e-002
 -4.7576703e-001 -3.1285040e-002
 -4.6966173e-001 -2.8139459e-002
 -4.7618294e-001 -3.1488469e-002
 -4.6394453e-001 -3.0046711e-002
 -4.6167271e-001 -3.0559757e-002
 -4.7689235e-001 -2.8405492e-002
 -4.8119250e-001 -3.1027225e-002
 -4.7665104e-001 -3.3583164e-002
 -4.7974094e-001 -2.9817263e-002
 -4.7818545e-001 -3.0025653e-002
 -4.6775102e-001 -3.1077666e-002
 -4.8451625e-001 -3.1211452e-002
 -4.6930572e-001 -2.5334957e-002
 -4.7412026e-001 -3.0334979e-002
 -4.6849074e-001 -3.0110040e-002
 -4.6715864e-001 -2.8607222e-002
 -4.6935563e-001 -2.5310074e-002
 -4.7564283e-001 -2.6826507e-002
 -4.6103726e-001 -2.9261461e-002
 -4.8053031e-001 -2.9545005e-002
 -4.8390633e-001 -2.4730165e-002
 -4.7230220e-001 -2.8369875e-002
 -4.6086981e-001 -2.3957080e-002
 -4.7516682e-001 -2.5491036e-002
 -4.7211183e-001 -2.8454073e-002
 -4.6081988e-001 -3.2253039e-002
 -4.6077114e-001 -2.6138847e-002
 -4.6204612e-001 -2.9928912e-002
 -4.7926738e-001 -2.7659393e-002
 -4.7083694e-001 -3.1195748e-002
 -4.6791145e-001 -3.0564370e-002
 -4.6389080e-001 -2.4884744e-002
 -4.7945557e-001 -2.4198320e-002
 -4.7577973e-001 -3.0858843e-002
 -4.7493133e-001 -3.1104068e-002
 -4.8040261e-001 -2.4794066e-002
 -4.7658558e-001 -3.2626469e-002
 -4.6821189e-001 -2.3984917e-002
 -4.7838382e-001 -2.3132320e-002
 -4.6775863e-001 -2.3195564e-002
 -4.6177860e-001 -2.9236583e-002
 -4.7987236e-001 -3.0741367e-002
 -4.6645221e-001 -2.3938706e-002
 -4.7869789e-001 -2.8750706e-002
 -4.8000133e-001 -2.3589779e-002
 -4.7977058e-001 -2.7261752e-002
 -4.8350460e-001 -2.6981728e-002
 -4.8420488e-001 -2.7417768e-002
 -4.6136096e-001 -2.3404766e-002
 -4.6753595e-001 -3.2252185e-002
 -7.7689484e-001 -2.5296361e-002
 -7.7392708e-001 -2.9143951e-002
 -7.6432445e-001 -1.7939529e-002
 -7.6862283e-001 -8.1570637e-003
 -7.6555271e-001  5.3638312e-003
 -7.7912645e-001  1.2463484e-002
 -7.7167728e-001  3.0817917e-002
 -7.7623519e-001  4.1181200e-002
 -7.8060696e-001  6.1973997e-002
 -7.6685335e-001  7.7334420e-002
 -7.7860480e-001  8.5749528e-002
 -7.6351111e-001  1.0178798e-001
 -7.7086665e-001  1.1097265e-001
 -7.6826201e-001  1.2174499e-001
 -7.6684484e-001  1.2952763e-001
 -7.6305224e-001  1.3824589e-001
 -7.6621159e-001  1.4719929e-001
 -7.7344501e-001  1.5681743e-001
 -7.7008289e-001  1.6416930e-001
 -7.7195083e-001  1.6676635e-001
 -7.7236969e-001  1.7316491e-001
 -7.6084670e-001  1.7744285e-001
 -7.6268916e-001  1.7838131e-001
 -7.5976527e-001  1.9080636e-001
 -7.7740457e-001  1.8734563e-001
 -7.6898796e-001  1.9396565e-001
 -7.6262203e-001  1.9239061e-001
 -7.7770217e-001  2.0451194e-001
 -7.5768291e-001  2.0363349e-001
 -7.5901503e-001  2.0684022e-001
 -7.7736825e-001  2.1111149e-001
 -7.7947393e-001  2.0707577e-001
 -7.7549991e-001  2.1337208e-001
 -7.7894291e-001  2.0833337e-001
 -7.6525124e-001  2.1552953e-001
 -7.5941830e-001  2.1645728e-001
 -7.7646654e-001  2.1505251e-001
 -7.7151071e-001  2.1747299e-001
 -7.8053536e-001  2.1230843e-001
 -7.7441788e-001  2.1602403e-001
 -7.7470425e-001  2.2104976e-001
 -7.6608106e-001  2.2048657e-001
 -7.6631070e-001  2.2362614e-001
 -7.7326421e-001  2.2413119e-001
 -7.7702044e-001  2.2510127e-001
 -7.6983950e-001  2.2129627e-001
 -7.7260225e-001  2.2361066e-001
 -7.7290655e-001  2.1851803e-001
 -7.7732834e-001  2.2152091e-001
 -7.6894450e-001  2.1732834e-001
 -7.5939599e-001  2.1945083e-001
 -7.6541622e-001  2.2104194e-001
 -7.6549650e-001  2.2039062e-001
 -7.7333805e-001  2.2025793e-001
 -7.7631982e-001  2.2096934e-001
 -7.7477016e-001  2.2309403e-001
 -7.7265869e-001  2.2135499e-001
 -7.6400532e-001  2.2735743e-001
 -7.6444457e-001  2.1860449e-001
 -7.7017243e-001  2.2797731e-001
 -7.6916932e-001  2.2513066e-001
 -7.6392748e-001  2.2048757e-001
 -7.6173484e-001  2.2856917e-001
 -7.6477812e-001  2.2839421e-001
 -7.7004705e-001  2.2282268e-001
 -7.7113949e-001  2.1957141e-001
 -7.6575314e-001  2.1915945e-001
 -7.7430228e-001  2.2727785e-001
 -7.7320081e-001  2.1968686e-001
  6.8249735e-001  2.2279143e-001
  6.7051323e-001  2.2324498e-001
  6.7895386e-001  2.2649542e-001
  6.8806972e-001  2.2384528e-001
  6.6736421e-001  2.3374102e-001
  6.6836189e-001  2.2995155e-001
  6.8283346e-001  2.3909536e-001
  6.7777101e-001  2.3592059e-001
  6.7978135e-001  2.4425879e-001
  6.7067557e-001  2.4282987e-001
  6.7574129e-001  2.4998374e-001
  6.7646592e-001  2.4663823e-001
  6.7397622e-001  2.5559303e-001
  6.8885247e-001  2.5002112e-001
  6.7092554e-001  2.5195865e-001
  6.8177432e-001  2.5347001e-001
  6.7745702e-001  2.5744541e-001
  6.8223415e-001  2.6163027e-001
  6.7804854e-001  2.6281630e-001
  6.6688910e-001  2.6036935e-001
  6.8142579e-001  2.5862961e-001
  6.6816969e-001  2.6135263e-001
  6.6738264e-001  2.6520511e-001
  6.7841408e-001  2.6732190e-001
  6.7717507e-001  2.6195489e-001
  6.8381098e-001  2.6395872e-001
  6.7137866e-001  2.6435048e-001
  6.6779189e-001  2.6659752e-001
  6.9079955e-001  2.7087119e-001
  6.8110701e-001  2.7037069e-001
  6.8677458e-001  2.7409785e-001
  6.6730820e-001  2.6867830e-001
  6.8138089e-001  2.6588094e-001
  6.7573614e-001  2.6908427e-001
  6.8346258e-001  2.7302612e-001
  6.9021380e-001  2.6682159e-001
  6.6717661e-001  2.6995964e-001
  6.6683079e-001  2.6707893e-001
  6.8039452e-001  2.6979178e-001
  6.8219029e-001  2.7311316e-001
  6.7386452e-001  2.7444176e-001
  6.7526512e-001  2.7477591e-001
  6.7130348e-001  2.7060719e-001
  6.7837642e-001  2.7533146e-001
  6.6888666e-001  2.7059444e-001
  6.7766471e-001  2.7099433e-001
  6.7592129e-001  2.7476067e-001
  6.8855037e-001  2.7578475e-001
  6.7098711e-001  2.6967376e-001
  6.7679939e-001  2.6914688e-001
  6.8528966e-001  2.7568251e-001
  6.8419506e-001  2.6820382e-001
  6.9074560e-001  2.7507075e-001
  6.8634344e-001  2.6861373e-001
  6.8333172e-001  2.6964124e-001
  6.6737467e-001  2.6971606e-001
  6.7248871e-001  2.7600286e-001
  6.8649985e-001  2.7161167e-001
  6.8326854e-001  2.7008906e-001
  6.6687849e-001  2.7111711e-001
  6.7488448e-001  2.7495331e-001
  6.6879836e-001  2.7403154e-001
  6.7775946e-001  2.7550776e-001
  6.8901360e-001  2.7037652e-001
  6.7112008e-001  2.6935379e-001
  6.8999954e-001  2.7545879e-001
  6.8114423e-001  2.6894468e-001
  6.8715283e-001  2.7361768e-001
  6.7097373e-001  2.7196715e-001
 -2.8672155e-001  2.7088311e-001
 -2.6735488e-001  2.6996909e-001
 -2.8523214e-001  2.6832714e-001
 -2.7447606e-001  2.5250315e-001
 -2.8272128e-001  2.4011781e-001
 -2.8898766e-001  2.2061872e-001
 -2.7376323e-001  1.9664054e-001
 -2.6655298e-001  1.7415171e-001
 -2.8723315e-001  1.5657077e-001
 -2.7912562e-001  1.4406735e-001
 -2.8099145e-001  1.2984178e-001
 -2.8552629e-001  1.1449469e-001
 -2.6852841e-001  9.1792671e-002
 -2.8365923e-001  8.0282706e-002
 -2.6906143e-001  7.1452655e-002
 -2.7830247e-001  5.6929307e-002
 -2.7188791e-001  5.2488972e-002
 -2.8496127e-001  3.3848266e-002
 -2.6667153e-001  3.0653932e-002
 -2.6887710e-001  2.1799820e-002
 -2.8224944e-001  1.4237885e-002
 -2.8918959e-001  8.6180991e-003
 -2.7201426e-001 -4.2684572e-004
 -2.7321810e-001  2.3569844e-004
 -2.6984448e-001 -9.0729280e-003
 -2.8409485e-001 -6.9037322e-003
 -2.6529434e-001 -1.7278791e-002
 -2.6565515e-001 -1.8095990e-002
 -2.8221410e-001 -2.0116012e-002
 -2.8817954e-001 -2.6985454e-002
 -2.6795664e-001 -2.3258776e-002
 -2.6681845e-001 -2.7357083e-002
 -2.7559743e-001 -2.8894872e-002
 -2.7529783e-001 -3.2326518e-002
 -2.6894308e-001 -3.1068337e-002
 -2.6943706e-001 -3.8810825e-002
 -2.7597654e-001 -3.3070834e-002
 -2.8730897e-001 -3.7299191e-002
 -2.8012470e-001 -4.0250172e-002
 -2.7447920e-001 -4.0190275e-002
 -2.8531368e-001 -4.6004391e-002
 -2.8030616e-001 -4.1434709e-002
 -2.7955327e-001 -4.6383619e-002
 -2.7795362e-001 -4.2576029e-002
 -2.6675086e-001 -4.5927855e-002
 -2.7416552e-001 -4.9429996e-002
 -2.8447805e-001 -4.4831896e-002
 -2.7755875e-001 -4.5758995e-002
 -2.8318991e-001 -5.0560413e-002
 -2.8160454e-001 -4.8916839e-002
 -2.8580374e-001 -5.0318076e-002
 -2.6834796e-001 -4.4476295e-002
 -2.8808648e-001 -4.7155003e-002
 -2.7585106e-001 -5.0657310e-002
 -2.8222372e-001 -4.4917246e-002
 -2.8295551e-001 -4.8282241e-002
 -2.8724092e-001 -4.7710316e-002
 -2.8546300e-001 -5.0149298e-002
 -2.8215046e-001 -4.9135075e-002
 -2.8586182e-001 -4.4068741e-002
 -2.6894252e-001 -5.0477605e-002
 -2.6673320e-001 -5.2940257e-002
 -2.8211457e-001 -5.3634009e-002
 -2.8049218e-001 -5.2444214e-002
 -2.7127814e-001 -4.7523813e-002
 -2.7740824e-001 -4.5523575e-002
 -2.7594321e-001 -4.7910929e-002
 -2.7608484e-001 -5.1341401e-002
 -2.8845293e-001 -4.5473614e-002
  3.8314630e-001 -5.1373393e-002
  3.9359994e-001 -4.5789874e-002
  3.9048249e-001 -4.9452216e-002
  3.8167647e-001 -3.4051922e-002
  3.9817683e-001 -3.2699800e-002
  3.8750894e-001 -1.7091752e-002
  3.8927537e-001 -1.1897896e-002
  3.8812546e-001  1.5366436e-003
  3.8178423e-001  7.6905474e-003
  4.0128961e-001  2.2532631e-002
  3.9508613e-001  2.3935142e-002
  3.8096217e-001  3.7746277e-002
  3.8499509e-001  4.6753684e-002
  4.0319846e-001  5.2043665e-002
  3.8977817e-001  5.9405907e-002
  3.9382624e-001  6.6656423e-002
  3.9303455e-001  7.2217286e-002
  3.9593384e-001  7.4197069e-002
  3.7999845e-001  7.8976584e-002
  3.8817690e-001  8.3552781e-002
  3.8156943e-001  8.9989814e-002
  4.0158712e-001  9.2900071e-002
  4.0012373e-001  9.0492350e-002
  3.8261148e-001  9.8553031e-002
  4.0134976e-001  9.7817499e-002
  3.9769782e-001  1.0551067e-001
  3.9318672e-001  1.0382951e-001
  3.8848277e-001  1.0277793e-001
  3.9215940e-001  1.0236771e-001
  3.8453778e-001  1.0700646e-001
  3.8052155e-001  1.0539176e-001
  3.8284813e-001  1.1422713e-001
  4.0213822e-001  1.1303788e-001
  4.0047356e-001  1.0890105e-001
  3.9894522e-001  1.1719992e-001
  3.8427990e-001  1.1800304e-001
  4.0066979e-001  1.1247780e-001
  3.8657155e-001  1.1113024e-001
  3.9224404e-001  1.1589966e-001
  3.8124119e-001  1.1894349e-001
  3.8588452e-001  1.1842352e-001
  3.8161030e-001  1.1853941e-001
  3.8922566e-001  1.1758296e-001
  4.0163785e-001  1.2025253e-001
  3.9606197e-001  1.1726495e-001
  3.8095311e-001  1.1427363e-001
  3.8583823e-001  1.1858042e-001
  3.9251782e-001  1.1600683e-001
  3.8995917e-001  1.2284729e-001
  3.8219250e-001  1.1505337e-001
  4.0002778e-001  1.2160571e-001
  3.9704089e-001  1.2308057e-001
  3.8359429e-001  1.2399011e-001
  3.8867044e-001  1.2312522e-001
  3.9217142e-001  1.2308341e-001
  3.9238797e-001  1.2153396e-001
  3.9468148e-001  1.2050643e-001
  3.8867035e-001  1.2132570e-001
  3.9946702e-001  1.2028895e-001
  3.8262323e-001  1.2320240e-001
  3.9631429e-001  1.1638594e-001
  3.9497616e-001  1.1959585e-001
  3.9047472e-001  1.2192505e-001
  3.9704446e-001  1.2385770e-001
  4.0051921e-001  1.1846683e-001
  3.8372000e-001  1.2258109e-001
  4.0274968e-001  1.1993495e-001
  3.9020809e-001  1.2583257e-001
  3.9642720e-001  1.2219834e-001
  7.8042652e-001  1.2103944e-001
  7.6936376e-001  1.1837338e-001
  7.7014369e-001  1.2407874e-001
  7.8637639e-001  1.3329892e-001
  7.8398280e-001  1.4915733e-001
  7.8395827e-001  1.5996529e-001
  7.8519769e-001  1.7675949e-001
  7.8597065e-001  1.8623667e-001
  7.7629037e-001  1.9943239e-001
  7.6952737e-001  2.1803208e-001
  7.7519018e-001  2.3193446e-001
  7.6659322e-001  2.3804843e-001
  7.6837750e-001  2.5566530e-001
  7.7375598e-001  2.5815735e-001
  7.8317590e-001  2.7308305e-001
  7.7172074e-001  2.7678660e-001
  7.6576615e-001  2.8131679e-001
  7.8284543e-001  2.9336936e-001
  7.7641301e-001  2.9821281e-001
  7.6913053e-001  3.0361228e-001
  7.7173296e-001  3.0569826e-001
  7.7509771e-001  3.1225587e-001
  7.6718216e-001  3.1375741e-001
  7.8594902e-001  3.2630367e-001
  7.6521626e-001  3.2394063e-001
  7.7136822e-001  3.2974084e-001
  7.7867700e-001  3.3449140e-001
  7.8685190e-001  3.2989622e-001
  7.7349351e-001  3.3361344e-001
  7.7223250e-001  3.3592723e-001
  7.7175868e-001  3.4181729e-001
  7.7146124e-001  3.3835532e-001
  7.6867041e-001  3.4212997e-001
  7.8251227e-001  3.4838489e-001
  7.6795472e-001  3.4839033e-001
  7.7764106e-001  3.4447257e-001
  7.7961001e-001  3.5197115e-001
  7.7170484e-001  3.5008666e-001
  7.8399304e-001  3.5419742e-001
  7.6914744e-001  3.5136572e-001
  7.7932861e-001  3.5023114e-001
  7.7153877e-001  3.4823405e-001
  7.6825983e-001  3.5542376e-001
  7.7583034e-001  3.4908157e-001
  7.7204154e-001  3.5079766e-001
  7.8244136e-001  3.5027554e-001
  7.8082812e-001  3.5231452e-001
  7.8570767e-001  3.4888935e-001
  7.7599377e-001  3.5881213e-001
  7.7421501e-001  3.5467246e-001
  7.7427981e-001  3.5059349e-001
  7.6654668e-001  3.5585175e-001
  7.8183596e-001  3.5191402e-001
  7.6577541e-001  3.5228719e-001
  7.8296911e-001  3.6000060e-001
  7.7297261e-001  3.5491850e-001
  7.6349983e-001  3.5912485e-001
  7.7777674e-001  3.5318325e-001
  7.8470420e-001  3.5724486e-001
  7.7676546e-001  3.5845627e-001
  7.8195967e-001  3.5385361e-001
  7.7331435e-001  3.5400821e-001
  7.6710719e-001  3.5690610e-001
  7.7643563e-001  3.5431887e-001
  7.8296886e-001  3.5181844e-001
  7.6371761e-001  3.6088460e-001
  7.8200696e-001  3.5565190e-001
  7.7587522e-001  3.5143610e-001
  7.7541373e-001  3.5817088e-001
  1.6421619e-001  3.5197099e-001
  1.5362867e-001  3.5307770e-001
  1.5290081e-001  3.5286855e-001
  1.6787731e-001  3.3588769e-001
  1.6332732e-001  3.1548361e-001
  1.5109873e-001  2.9802592e-001
  1.4463398e-001  2.8744750e-001
  1.6585076e-001  2.6104517e-001
  1.4705101e-001  2.4531971e-001
  1.5560838e-001  2.3239761e-001
  1.6405817e-001  2.1682704e-001
  1.5231750e-001  2.0220824e-001
  1.6835180e-001  1.8534846e-001
  1.5332677e-001  1.7224746e-001
  1.5304733e-001  1.5476338e-001
  1.5752984e-001  1.4824431e-001
  1.4658828e-001  1.4096479e-001
  1.5386190e-001  1.2587307e-001
  1.4650036e-001  1.2107782e-001
  1.5183271e-001  1.1195708e-001
  1.6553569e-001  1.1025664e-001
  1.5292905e-001  9.9270604e-002
  1.6830126e-001  9.9095457e-002
  1.6669420e-001  9.3930443e-002
  1.6818640e-001  8.2425325e-002
  1.5054983e-001  8.0711241e-002
  1.4459518e-001  7.4122059e-002
  1.4878675e-001  7.8680246e-002
  1.6154380e-001  6.8144483e-002
  1.5185229e-001  7.0917017e-002
  1.6053859e-001  6.5683385e-002
  1.4723790e-001  6.4836897e-002
  1.4519224e-001  5.6725025e-002
  1.5012589e-001  6.1713555e-002
  1.6314709e-001  5.7970112e-002
  1.5073515e-001  6.0767909e-002
  1.5283673e-001  5.4434482e-002
  1.5336512e-001  5.0545454e-002
  1.6158776e-001  5.2193319e-002
  1.6162841e-001  5.3666398e-002
  1.5822350e-001  5.2296149e-002
  1.6494128e-001  5.3026664e-002
  1.4719010e-001  5.3632172e-002
  1.5820459e-001  4.9904532e-002
  1.5748555e-001  5.0878914e-002
  1.5273764e-001  4.5568168e-002
  1.6509948e-001  4.5842851e-002
  1.6758497e-001  4.6439884e-002
  1.6448283e-001  4.7725733e-002
  1.6217570e-001  4.2420403e-002
  1.5328507e-001  4.1879159e-002
  1.6835257e-001  4.5069613e-002
  1.6285861e-001  4.9398923e-002
  1.4701008e-001  4.7862206e-002
  1.5033754e-001  4.5920682e-002
  1.5111825e-001  4.5888726e-002
  1.4590972e-001  4.2807761e-002
  1.4570497e-001  4.3640725e-002
  1.6494312e-001  4.4378737e-002
  1.4821242e-001  4.4619152e-002
  1.5864452e-001  4.7479664e-002
  1.6381568e-001  4.9381115e-002
  1.4831238e-001  4.2422425e-002
  1.4825299e-001  4.7285891e-002
  1.6539338e-001  4.3493456e-002
  1.5151021e-001  4.4475291e-002
  1.6602695e-001  4.3719545e-002
  1.5234360e-001  4.2396907e-002
  1.5012178e-001  4.0411911e-002
  8.7013263e-001  4.5543203e-002
  8.7820776e-001  4.1976376e-002
  8.6051573e-001  5.7100467e-002
  8.8340523e-001  7.3234827e-002
  8.7521574e-001  9.1024256e-002
  8.6489078e-001  1.1499336e-001
  8.7278570e-001  1.4342024e-001
  8.7794804e-001  1.7129984e-001
  8.7119329e-001  1.9402996e-001
  8.6277071e-001  2.1427063e-001
  8.6791554e-001  2.3579738e-001
  8.6827567e-001  2.5701892e-001
  8.7026082e-001  2.8190426e-001
  8.6758807e-001  2.9949335e-001
  8.6629135e-001  3.1599586e-001
  8.8329501e-001  3.3009791e-001
  8.6283461e-001  3.3969922e-001
  8.6806876e-001  3.4814400e-001
  8.8003115e-001  3.6212267e-001
  8.7883299e-001  3.7224426e-001
  8.6427824e-001  3.8494298e-001
  8.6128690e-001  3.9272035e-001
  8.6305781e-001  3.9915841e-001
  8.6774086e-001  4.0661530e-001
  8.6918469e-001  4.1575062e-001
  8.7290623e-001  4.1806860e-001
  8.8001737e-001  4.2737188e-001
  8.8272675e-001  4.2705851e-001
  8.7904104e-001  4.3190700e-001
  8.6135274e-001  4.3875805e-001
  8.8060408e-001  4.4002338e-001
  8.8429474e-001  4.3839117e-001
  8.8021268e-001  4.4674342e-001
  8.6744647e-001  4.4749050e-001
  8.6241954e-001  4.4448135e-001
  8.7413725e-001  4.5360427e-001
  8.8034290e-001  4.4756599e-001
  8.8268578e-001  4.5004738e-001
  8.6693428e-001  4.5606678e-001
  8.7831972e-001  4.5245712e-001
  8.6378949e-001  4.5728815e-001
  8.6447049e-001  4.6244707e-001
  8.6680084e-001  4.5617684e-001
  8.6992447e-001  4.5837544e-001
  8.7552858e-001  4.6121918e-001
  8.6999448e-001  4.6207305e-001
  8.7210932e-001  4.5935203e-001
  8.8028012e-001  4.5964264e-001
  8.7798614e-001  4.6685177e-001
  8.8240335e-001  4.6749552e-001
  8.6192912e-001  4.6329846e-001
  8.6131756e-001  4.6556672e-001
  8.7450222e-001  4.6275117e-001
  8.6523690e-001  4.6482612e-001
  8.6153883e-001  4.6999991e-001
  8.6710805e-001  4.6524451e-001
  8.8234913e-001  4.6846522e-001
  8.7347586e-001  4.7075065e-001
  8.6543663e-001  4.6759363e-001
  8.8051750e-001  4.7081006e-001
  8.8264793e-001  4.6872354e-001
  8.6350702e-001  4.6311720e-001
  8.8128103e-001  4.6417068e-001
  8.8212619e-001  4.6524258e-001
  8.8201784e-001  4.7095924e-001
  8.7064777e-001  4.6705432e-001
  8.7223309e-001  4.6429598e-001
  8.7458787e-001  4.6648365e-001
  8.7468793e-001  4.6419694e-001
  3.0075956e-001  4.6450405e-001
  2.9507491e-001  4.6887071e-001
  3.0256912e-001  4.5775435e-001
  3.0116218e-001  4.4420760e-001
  3.0092971e-001  4.2626058e-001
  2.9337463e-001  3.9758548e-001
  2.9138905e-001  3.7860679e-001
  2.8287247e-001  3.5655301e-001
  3.0586431e-001  3.3527119e-001
  3.0383621e-001  3.1123572e-001
  2.9037977e-001  2.8908586e-001
  2.9210142e-001  2.7378640e-001
  2.8802782e-001  2.6143894e-001
  2.8334294e-001  2.4667532e-001
  2.9374714e-001  2.3119310e-001
  3.0473485e-001  2.1117704e-001
  2.8738067e-001  1.9904794e-001
  3.0080161e-001  1.9213041e-001
  2.9688593e-001  1.7714199e-001
  2.8984651e-001  1.7037788e-001
  2.9577407e-001  1.6414614e-001
  2.9119635e-001  1.5504713e-001
  2.8608430e-001  1.4938995e-001
  2.8625095e-001  1.4332746e-001
  2.8218938e-001  1.4000814e-001
  2.9755807e-001  1.3582884e-001
  3.0374597e-001  1.2569933e-001
  2.9166978e-001  1.1902515e-001
  3.0107723e-001  1.2470454e-001
  2.9895739e-001  1.1402183e-001
  2.9586979e-001  1.1513274e-001
  2.9605691e-001  1.1372608e-001
  2.9383812e-001  1.0361933e-001
  2.8796968e-001  1.0414645e-001
  2.9030793e-001  1.0372315e-001
  2.9054348e-001  1.0060308e-001
  2.8720503e-001  9.7442299e-002
  2.9397723e-001  1.0113791e-001
  2.8998922e-001  9.8834057e-002
  2.8462051e-001  9.7728098e-002
  2.8895200e-001  1.0111118e-001
  3.0233048e-001  9.5028283e-002
  2.8900974e-001  9.2970373e-002
  2.9278182e-001  9.4101818e-002
  3.0589219e-001  8.9662203e-002
  2.9088029e-001  9.2588624e-002
  2.8223893e-001  9.3639687e-002
  3.0282866e-001  9.4709445e-002
  3.0516135e-001  8.6492768e-002
  2.9354616e-001  9.3750695e-002
  3.0165700e-001  9.1954482e-002
  2.9224060e-001  8.8413558e-002
  2.9369264e-001  8.4676705e-002
  2.9534676e-001  9.3403386e-002
  2.8325662e-001  8.6568688e-002
  2.9880552e-001  8.4174609e-002
  3.0372073e-001  8.7124231e-002
  3.0419397e-001  8.3800228e-002
  2.9538967e-001  8.4241749e-002
  2.9763071e-001  8.5699619e-002
  2.8369604e-001  8.8618921e-002
  3.0341278e-001  8.8031132e-002
  2.9806947e-001  9.1523768e-002
  2.9096924e-001  9.1732472e-002
  2.9288563e-001  8.6082105e-002
  2.8440832e-001  8.3011779e-002
  2.8637145e-001  9.1448277e-002
  3.0205341e-001  8.4807405e-002
  2.9658890e-001  8.3956846e-002
 -7.2567221e-001  8.7531244e-002
 -7.3020597e-001  9.0317501e-002
 -7.2067015e-001  8.5900248e-002
 -7.2361352e-001  9.1279138e-002
 -7.2684941e-001  9.7067408e-002
 -7.3085315e-001  1.0033830e-001
 -7.2883631e-001  1.0297285e-001
 -7.2432548e-001  1.0824368e-001
 -7.2470159e-001  1.1197387e-001
 -7.4001458e-001  1.2095645e-001
 -7.2476566e-001  1.2303312e-001
 -7.3351074e-001  1.3177486e-001
 -7.3552087e-001  1.3431505e-001
 -7.3883196e-001  1.3479029e-001
 -7.2304387e-001  1.3537994e-001
 -7.2385349e-001  1.4479745e-001
 -7.2205692e-001  1.4597929e-001
 -7.3544006e-001  1.4247894e-001
 -7.3414429e-001  1.5259973e-001
 -7.3896299e-001  1.4601234e-001
 -7.3430977e-001  1.5497246e-001
 -7.1803627e-001  1.5102830e-001
 -7.3906284e-001  1.5710679e-001
 -7.3404930e-001  1.5579521e-001
 -7.3986011e-001  1.5253082e-001
 -7.2818761e-001  1.5455127e-001
 -7.3990612e-001  1.6256208e-001
 -7.2701456e-001  1.6046487e-001
 -7.2792659e-001  1.6327601e-001
 -7.2014284e-001  1.6219303e-001
 -7.2878271e-001  1.5852711e-001
 -7.2137698e-001  1.6657072e-001
 -7.3320337e-001  1.6173436e-001
 -7.3743502e-001  1.6055148e-001
 -7.1855326e-001  1.6572270e-001
 -7.4063481e-001  1.6167627e-001
 -7.3667559e-001  1.6925501e-001
 -7.3365356e-001  1.6649866e-001
 -7.1997045e-001  1.6983847e-001
 -7.2538060e-001  1.6927186e-001
 -7.2256587e-001  1.6606656e-001
 -7.2546175e-001  1.6201460e-001
 -7.2917926e-001  1.6948137e-001
 -7.2783283e-001  1.6718445e-001
 -7.3593700e-001  1.6590032e-001
 -7.2395374e-001  1.6768483e-001
 -7.3577382e-001  1.6295148e-001
 -7.3603691e-001  1.6867701e-001
 -7.3472616e-001  1.6282515e-001
 -7.3179191e-001  1.6775058e-001
 -7.3093867e-001  1.6780511e-001
 -7.3094500e-001  1.7030753e-001
 -7.3643767e-001  1.6430321e-001
 -7.3973265e-001  1.6425095e-001
 -7.2444537e-001  1.6611507e-001
 -7.3675009e-001  1.6931741e-001
 -7.3158433e-001  1.7057583e-001
 -7.3300050e-001  1.6833304e-001
 -7.3538417e-001  1.6750971e-001
 -7.2889568e-001  1.6351122e-001
 -7.3808584e-001  1.7186579e-001
 -7.3355948e-001  1.6393585e-001
 -7.1997851e-001  1.6874534e-001
 -7.2567609e-001  1.6312349e-001
 -7.3816631e-001  1.7068548e-001
 -7.1889542e-001  1.6587481e-001
 -7.2033377e-001  1.6979601e-001
 -7.1746180e-001  1.7179443e-001
 -7.3201385e-001  1.6541541e-001
  3.2308588e-001  1.6954879e-001
  3.1385166e-001  1.6696792e-001
  3.3128476e-001  1.6262755e-001
  3.1826233e-001  1.5832528e-001
  3.2011128e-001  1.5870892e-001
  3.1975751e-001  1.5746129e-001
  3.1297994e-001  1.5431024e-001
  3.1309360e-001  1.4635971e-001
  3.2654266e-001  1.4619538e-001
  3.2072767e-001  1.4005099e-001
  3.2484362e-001  1.3270671e-001
  3.0772808e-001  1.3239564e-001
  3.1557405e-001  1.3229380e-001
  3.2402898e-001  1.2266983e-001
  3.2220982e-001  1.1958582e-001
  3.2464635e-001  1.2394943e-001
  3.2441664e-001  1.1286784e-001
  3.1124760e-001  1.1811709e-001
  3.2576734e-001  1.1113901e-001
  3.1810840e-001  1.0746120e-001
  3.2574667e-001  1.1380602e-001
  3.2863800e-001  1.0588202e-001
  3.1503618e-001  1.0753548e-001
  3.1936486e-001  1.0957212e-001
  3.2098906e-001  1.0988645e-001
  3.1675845e-001  1.0356423e-001
  3.2675674e-001  1.0541426e-001
  3.2449627e-001  1.0499177e-001
  3.2899622e-001  1.0299387e-001
  3.1603736e-001  9.8245351e-002
  3.1061856e-001  1.0351846e-001
  3.2018664e-001  1.0360022e-001
  3.2051275e-001  9.8531048e-002
  3.1358652e-001  1.0375126e-001
  3.1274304e-001  9.8454866e-002
  3.1930257e-001  9.5200353e-002
  3.0850092e-001  9.5620349e-002
  3.2284233e-001  9.5576560e-002
  3.0786103e-001  1.0210243e-001
  3.1511505e-001  9.9244545e-002
  3.2840688e-001  9.6533195e-002
  3.1411306e-001  9.9000799e-002
  3.1846927e-001  9.7674201e-002
  3.1388368e-001  9.7483422e-002
  3.2446296e-001  9.4149467e-002
  3.2572710e-001  9.6244102e-002
  3.2449814e-001  9.9652841e-002
  3.3068425e-001  9.6150858e-002
  3.2463555e-001  1.0068836e-001
  3.2303341e-001  9.1189029e-002
  3.1150898e-001  9.2094681e-002
  3.2744187e-001  9.6567105e-002
  3.2730702e-001  1.0073101e-001
  3.2028985e-001  9.7238232e-002
  3.1213535e-001  9.5950446e-002
  3.0781865e-001  9.6901163e-002
  3.3108585e-001  9.3516863e-002
  3.2193624e-001  9.8824117e-002
  3.2722809e-001  9.8680080e-002
  3.1908817e-001  1.0050848e-001
  3.0877958e-001  9.7947444e-002
  3.3087310e-001  9.1116330e-002
  3.1514560e-001  9.9198825e-002
  3.1719572e-001  9.2226591e-002
  3.0779719e-001  9.6464895e-002
  3.1015726e-001  9.4225213e-002
  3.2144517e-001  9.2070674e-002
  3.2802475e-001  9.4120824e-002
  3.1915319e-001  9.6153035e-002
 -4.3433222e-001  9.9393177e-002
 -4.3912985e-001  9.9635903e-002
 -4.3565597e-001  8.7905295e-002
 -4.2749386e-001  8.3297737e-002
 -4.2254962e-001  8.1802841e-002
 -4.4150302e-001  6.8706638e-002
 -4.2455543e-001  5.9119079e-002
 -4.3809167e-001  5.1475235e-002
 -4.4335918e-001  4.7877466e-002
 -4.2793021e-001  4.2761308e-002
 -4.3414567e-001  2.9755978e-002
 -4.3240257e-001  3.1048731e-002
 -4.3386040e-001  2.1049262e-002
 -4.3835241e-001  2.0331813e-002
 -4.3931365e-001  1.2989300e-002
 -4.4267267e-001  9.1778280e-003
 -4.2863433e-001  3.1462186e-003
 -4.3609376e-001  2.8236987e-004
 -4.4195007e-001 -3.8806090e-003
 -4.3985777e-001 -1.1471541e-002
 -4.2141594e-001 -1.4047353e-002
 -4.4274849e-001 -1.6159204e-002
 -4.4249079e-001 -2.1221584e-002
 -4.3559288e-001 -1.7102056e-002
 -4.3672055e-001 -1.8717781e-002
 -4.3680176e-001 -2.4483081e-002
 -4.4235112e-001 -2.3940601e-002
 -4.3174775e-001 -2.9294439e-002
 -4.2055993e-001 -2.6894211e-002
 -4.3606704e-001 -3.1090366e-002
 -4.3196513e-001 -2.6167635e-002
 -4.2338417e-001 -3.3906822e-002
 -4.3544152e-001 -3.2793335e-002
 -4.3208860e-001 -3.3865193e-002
 -4.4288907e-001 -2.8571653e-002
 -4.3386604e-001 -3.2071495e-002
 -4.3997021e-001 -3.1072915e-002
 -4.2811345e-001 -3.1866715e-002
 -4.2530812e-001 -3.9372536e-002
 -4.2572369e-001 -3.2767932e-002
 -4.3638020e-001 -3.7333741e-002
 -4.2330791e-001 -3.7033796e-002
 -4.2754279e-001 -3.5956950e-002
 -4.2323652e-001 -3.7975120e-002
 -4.2096385e-001 -3.2999644e-002
 -4.2155486e-001 -3.6212475e-002
 -4.3547706e-001 -4.1758622e-002
 -4.3161704e-001 -3.9821342e-002
 -4.2421894e-001 -3.2674119e-002
 -4.2272234e-001 -4.0533671e-002
 -4.3526168e-001 -3.7955113e-002
 -4.2764343e-001 -3.8419252e-002
 -4.2177759e-001 -3.7653358e-002
 -4.2962529e-001 -3.7888106e-002
 -4.3399683e-001 -4.2702726e-002
 -4.4409423e-001 -3.6372416e-002
 -4.2665438e-001 -3.5102895e-002
 -4.4225693e-001 -4.3465786e-002
 -4.3842435e-001 -3.6302459e-002
 -4.4047907e-001 -3.4007021e-002
 -4.2951896e-001 -4.0533848e-002
 -4.2459327e-001 -4.1235284e-002
 -4.3060664e-001 -3.7619819e-002
 -4.4407929e-001 -3.6793827e-002
 -4.3503935e-001 -3.4140558e-002
 -4.3573370e-001 -4.0911717e-002
 -4.3762782e-001 -3.6981284e-002
 -4.3369283e-001 -3.7058417e-002
 -4.2770978e-001 -4.0672607e-002
  3.6038908e-001 -4.1422944e-002
  3.6332889e-001 -3.7090521e-002
  3.6530451e-001 -3.6592849e-002
  3.6356277e-001 -2.8198909e-002
  3.6809320e-001 -1.8759595e-002
  3.7105116e-001 -1.6948362e-002
  3.5794366e-001 -2.3496135e-003
  3.6290410e-001 -8.2233915e-005
  3.5635789e-001  1.7146083e-002
  3.5074694e-001  2.6168693e-002
  3.6645693e-001  3.0204263e-002
  3.5211318e-001  3.4929483e-002
  3.6974468e-001  4.0875052e-002
  3.5383882e-001  5.1661036e-002
  3.5726980e-001  5.3348747e-002
  3.6391037e-001  6.1879945e-002
  3.5227691e-001  6.8031767e-002
  3.5338864e-001  6.6094750e-002
  3.7152572e-001  6.9642002e-002
  3.6269480e-001  7.6737445e-002
  3.5839941e-001  8.0045007e-002
  3.5656879e-001  8.7148570e-002
  3.5441964e-001  8.9017827e-002
  3.6654681e-001  8.6639647e-002
  3.6681919e-001  9.4430179e-002
  3.7222526e-001  9.3953774e-002
  3.5793308e-001  9.1037380e-002
  3.7073146e-001  9.3326742e-002
  3.5896156e-001  9.4985037e-002
  3.7242660e-001  9.4799809e-002
  3.6901324e-001  1.0276792e-001
  3.6665322e-001  9.5824582e-002
  3.6120528e-001  1.0334854e-001
  3.6983797e-001  1.0342598e-001
  3.7292051e-001  1.0095428e-001
  3.6756453e-001  1.0730465e-001
  3.5074630e-001  1.0089940e-001
  3.6335892e-001  1.0402814e-001
  3.7174771e-001  1.0194378e-001
  3.5627147e-001  1.0106214e-001
  3.4944938e-001  1.0247753e-001
  3.6548676e-001  1.0203104e-001
  3.5264517e-001  1.0792921e-001
  3.5223627e-001  1.0337536e-001
  3.6531798e-001  1.1027577e-001
  3.6157241e-001  1.0437308e-001
  3.6288584e-001  1.0946585e-001
  3.6482162e-001  1.1301015e-001
  3.5211161e-001  1.1288295e-001
  3.7138481e-001  1.1331836e-001
  3.6730749e-001  1.0994388e-001
  3.5986412e-001  1.1223555e-001
  3.6399096e-001  1.0652045e-001
  3.5268015e-001  1.0662568e-001
  3.5818102e-001  1.0436152e-001
  3.5024662e-001  1.1067271e-001
  3.6949958e-001  1.0679127e-001
 -6.6263516e-002  1.0485082e-001
