  5.9614066e-003  9.9898675e-004
 -1.0516243e-002  2.3147357e-003
 -7.1833413e-003 -2.8998131e-003
  9.9762405e-003  1.9591511e-003
 -6.1215670e-003  3.1445265e-003
  7.6789114e-003 -2.7130278e-004
  7.5887792e-003 -2.6411940e-003
  1.0500844e-002 -5.5719880e-004
  9.1389606e-003 -4.5018162e-003
 -3.8234008e-003 -2.4896721e-003
 -9.3386818e-002  1.2354561e-003
 -1.0757655e-001  4.5027494e-004
 -1.0682838e-001 -9.8800872e-004
 -1.0684207e-001 -4.1553240e-003
 -1.1070528e-001  1.1204572e-003
 -1.0306094e-001 -1.1483798e-003
 -1.1362301e-001 -5.0990057e-003
 -9.1783202e-002 -5.9377404e-003
 -9.5038252e-002 -5.1556023e-003
 -8.9995875e-002 -5.4739390e-003
 -1.0860101e-001 -1.2279272e-002
 -9.3871043e-002 -9.8905539e-003
 -1.0016968e-001 -1.6004609e-002
 -9.2589040e-002 -1.0480023e-002
 -1.1163086e-001 -1.9767780e-002
 -1.1302378e-001 -1.5038268e-002
 -9.2249082e-002 -1.6175835e-002
 -1.0224511e-001 -1.5630281e-002
 -9.3080127e-002 -1.6776260e-002
 -1.0034853e-001 -2.3453361e-002
 -1.0145609e-001 -1.9438873e-002
 -9.7396252e-002 -1.5146657e-002
 -1.1220949e-001 -1.7744997e-002
 -1.0038296e-001 -1.9595428e-002
 -9.8522262e-002 -2.1156003e-002
 -1.0133089e-001 -2.1722269e-002
 -9.4833768e-002 -2.0020394e-002
 -1.0329321e-001 -2.1502174e-002
 -1.0777728e-001 -2.1069852e-002
 -1.1359949e-001 -2.4840539e-002
 -1.1207345e-001 -2.3889765e-002
 -9.6904537e-002 -1.9877498e-002
 -9.2422152e-002 -2.2254919e-002
 -9.6062169e-002 -2.4343047e-002
 -9.6522001e-002 -2.3457572e-002
 -1.0265598e-001 -2.8143570e-002
 -9.8472535e-002 -2.7058925e-002
 -1.0202946e-001 -2.5141510e-002
 -9.7987645e-002 -2.5884941e-002
 -1.0702473e-001 -2.5933311e-002
 -1.0467975e-001 -2.1314767e-002
 -9.5652988e-002 -2.5683878e-002
 -9.5446535e-002 -2.8778448e-002
 -9.9023436e-002 -2.6391841e-002
 -9.8948094e-002 -2.3185175e-002
 -9.5599798e-002 -2.8269787e-002
 -1.0493295e-001 -1.9256403e-002
 -1.0296997e-001 -2.6201931e-002
 -9.1138336e-002 -2.7959548e-002
 -9.2156134e-002 -2.5184417e-002
 -1.0981746e-001 -2.7926633e-002
 -1.0768349e-001 -2.1786826e-002
 -1.0312598e-001 -2.5576239e-002
 -1.1061643e-001 -2.2857967e-002
 -1.0415507e-001 -2.5890676e-002
 -1.0753445e-001 -2.8947021e-002
 -9.4967796e-002 -2.8026148e-002
 -9.7795249e-002 -2.0535141e-002
 -1.0032930e-001 -2.7458374e-002
 -9.5870231e-002 -2.7548189e-002
 -1.0430430e-001 -2.8223148e-002
 -9.3577706e-002 -2.4736742e-002
 -1.0296891e-001 -2.1654516e-002
 -1.1287063e-001 -2.4859140e-002
 -9.1676088e-002 -2.1105909e-002
 -9.8193405e-002 -2.6691151e-002
 -1.0240859e-001 -2.6931973e-002
 -9.1040717e-002 -2.4472112e-002
 -1.0038154e-001 -2.2683503e-002
  1.4475362e-001 -2.4048810e-002
  1.4904834e-001 -2.7883259e-002
  1.6315942e-001 -2.4309543e-002
  1.4194849e-001 -2.3550529e-002
  1.4333512e-001 -1.5451554e-002
  1.5123941e-001 -1.1223397e-002
  1.5040646e-001 -4.0054755e-003
  1.5027878e-001 -8.4346549e-004
  1.6111895e-001 -1.3923504e-003
  1.6383643e-001  4.5782680e-003
  1.4291115e-001  6.9639995e-003
  1.4791827e-001  7.6746222e-003
  1.5433992e-001  8.0585363e-003
  1.4485320e-001  1.8216931e-002
  1.4821181e-001  1.5956805e-002
  1.5809414e-001  1.6588322e-002
  1.4408318e-001  2.0881887e-002
  1.5602594e-001  2.0856837e-002
  1.4628093e-001  2.4900955e-002
  1.5102236e-001  2.7380129e-002
  1.5824329e-001  2.6718715e-002
  1.6010916e-001  3.2729752e-002
  1.5057519e-001  3.2247534e-002
  1.6017420e-001  3.3995864e-002
  1.4534140e-001  2.8807575e-002
  1.6069383e-001  3.9050722e-002
  1.4435592e-001  3.0343546e-002
  1.4361115e-001  3.4815497e-002
  1.5406114e-001  3.8724662e-002
  1.4369855e-001  3.2465484e-002
  1.5261886e-001  4.1121398e-002
  1.4863920e-001  3.7950161e-002
  1.4370102e-001  3.6230169e-002
  1.5791449e-001  3.7566577e-002
  1.4630018e-001  3.9869309e-002
  1.6324206e-001  3.9357487e-002
  1.4801650e-001  3.8086064e-002
  1.4966028e-001  3.7599197e-002
  1.4731589e-001  4.2219081e-002
  1.5744864e-001  4.3907698e-002
  1.6086750e-001  4.4616129e-002
  1.5734111e-001  3.8689035e-002
  1.5220047e-001  4.1938162e-002
  1.4302669e-001  4.2432171e-002
  1.6189863e-001  3.7651746e-002
  1.6082186e-001  3.9760939e-002
  1.4854618e-001  4.0822456e-002
  1.5547962e-001  4.2984687e-002
  1.4482501e-001  4.3643388e-002
  1.4651360e-001  4.2422716e-002
  1.4194531e-001  4.0865274e-002
  1.4213379e-001  3.9973006e-002
  1.4653270e-001  4.2149068e-002
  1.5081087e-001  4.2957039e-002
  1.5085840e-001  4.6368095e-002
  1.6394054e-001  4.5684374e-002
  1.4814045e-001  4.4015723e-002
  1.4280975e-001  4.5280190e-002
  1.4097619e-001  4.6066971e-002
  1.5159601e-001  3.7800779e-002
  1.4213197e-001  4.3373444e-002
  1.4291777e-001  4.2454561e-002
  1.6368197e-001  4.0390525e-002
  1.6229957e-001  4.4868430e-002
  1.5997096e-001  4.3356310e-002
  1.5173988e-001  4.0767450e-002
  1.6081016e-001  4.6856224e-002
  1.5914238e-001  4.3772097e-002
  1.5299173e-001  4.0433390e-002
  7.9008561e-001  3.7518883e-002
  7.9297127e-001  3.9693548e-002
  8.0312364e-001  5.0770024e-002
  7.9077333e-001  6.2061964e-002
  7.9993837e-001  7.9496287e-002
  7.9264602e-001  1.0066378e-001
  7.9691873e-001  1.2179437e-001
  7.9435035e-001  1.4077710e-001
  8.1240052e-001  1.6052780e-001
  7.9315403e-001  1.8424601e-001
  7.9685691e-001  2.0212119e-001
  8.0033914e-001  2.1704856e-001
  8.0601883e-001  2.2903266e-001
  7.9837018e-001  2.4872147e-001
  7.9785684e-001  2.6188194e-001
  8.1132246e-001  2.7203069e-001
  7.9028340e-001  2.8350015e-001
  7.8962594e-001  2.8865895e-001
  8.0317573e-001  3.0283325e-001
  8.0095078e-001  3.1196652e-001
  7.9302459e-001  3.1532548e-001
  8.0839063e-001  3.2115742e-001
  7.9140979e-001  3.2298382e-001
  7.9503673e-001  3.3507941e-001
  7.9632772e-001  3.3729356e-001
  7.9617546e-001  3.4322751e-001
  8.0520932e-001  3.4571889e-001
  7.9080672e-001  3.5373802e-001
  8.0092085e-001  3.4978927e-001
  8.0097572e-001  3.6106758e-001
  8.0511387e-001  3.5450991e-001
  7.9103789e-001  3.6026308e-001
  8.0534392e-001  3.6504798e-001
  8.0889227e-001  3.6858886e-001
  7.9333110e-001  3.6528139e-001
  8.0256481e-001  3.7085853e-001
  7.9166074e-001  3.7329598e-001
  7.9223071e-001  3.7126580e-001
  8.1044039e-001  3.7498226e-001
  8.0398765e-001  3.7455901e-001
  7.9160563e-001  3.7873655e-001
  7.9527891e-001  3.7202139e-001
  7.9813853e-001  3.7274848e-001
  7.9830439e-001  3.7823867e-001
  7.9551096e-001  3.7803890e-001
  7.9390592e-001  3.7986689e-001
  7.9623715e-001  3.8119539e-001
  7.9739206e-001  3.8048611e-001
  7.9579195e-001  3.8149802e-001
  8.0801457e-001  3.8106515e-001
  8.0999834e-001  3.8231615e-001
  8.0583464e-001  3.8159224e-001
  7.9718635e-001  3.8452286e-001
  7.9650432e-001  3.7663231e-001
  7.9566377e-001  3.8424775e-001
  7.9892129e-001  3.7860797e-001
  8.1193485e-001  3.8038797e-001
  7.8936618e-001  3.7879714e-001
  7.9360756e-001  3.8553214e-001
  7.9811621e-001  3.8401486e-001
  7.8976349e-001  3.7988743e-001
  7.9288243e-001  3.8446765e-001
  7.9489216e-001  3.8451724e-001
  8.1201602e-001  3.8627088e-001
  8.0828529e-001  3.8482640e-001
  7.9962252e-001  3.7930323e-001
  7.9225800e-001  3.7944367e-001
  7.9373808e-001  3.8055233e-001
  8.0918693e-001  3.7762554e-001
  7.7333034e-001  3.7932491e-001
  7.8623194e-001  3.8495459e-001
  7.8784508e-001  3.8429348e-001
  7.8220404e-001  3.7684984e-001
  7.7816598e-001  3.7977582e-001
  7.9087267e-001  3.7686679e-001
  7.7345435e-001  3.8378989e-001
  7.8530603e-001  3.7594084e-001
  7.9020491e-001  3.8162632e-001
  7.7769547e-001  3.7748509e-001
  7.8837482e-001  3.7586840e-001
  7.8359500e-001  3.7935184e-001
  7.8324191e-001  3.7461739e-001
  7.9690761e-001  3.7178140e-001
  7.8299038e-001  3.7601108e-001
  7.9079203e-001  3.6945274e-001
  7.7487214e-001  3.6826168e-001
  7.9016540e-001  3.6777464e-001
  7.9183353e-001  3.7135536e-001
  7.7327053e-001  3.7111758e-001
  7.9263837e-001  3.7119634e-001
  7.8654489e-001  3.7158112e-001
  7.9636850e-001  3.6486044e-001
  7.8693463e-001  3.6711151e-001
  7.7847769e-001  3.6435806e-001
  7.8338330e-001  3.6391674e-001
  7.8799759e-001  3.6571394e-001
  7.9690595e-001  3.7143182e-001
  7.9124506e-001  3.6609566e-001
  7.7456032e-001  3.6363281e-001
  7.7513142e-001  3.7065053e-001
  7.9381915e-001  3.7219645e-001
  7.7765462e-001  3.6759978e-001
  7.9375746e-001  3.6772395e-001
  7.7801863e-001  3.6439523e-001
  7.7524894e-001  3.6336051e-001
  7.9541622e-001  3.6713240e-001
  7.8340483e-001  3.6294481e-001
  7.9474342e-001  3.7055269e-001
  7.7904833e-001  3.6260874e-001
  7.8455963e-001  3.6727569e-001
  7.9268446e-001  3.6566535e-001
  7.8764029e-001  3.7111247e-001
  7.8122385e-001  3.7125678e-001
  7.8555282e-001  3.6220477e-001
  7.8217760e-001  3.6669773e-001
  7.8482074e-001  3.6900687e-001
  7.8228175e-001  3.6216799e-001
  7.8971206e-001  3.6850177e-001
  7.9166474e-001  3.7099748e-001
  7.8508474e-001  3.6578605e-001
  7.9384297e-001  3.7013431e-001
  7.7680323e-001  3.6594099e-001
  7.9440099e-001  3.6583451e-001
  7.8257192e-001  3.6419440e-001
  7.8207060e-001  3.7110085e-001
  7.8362755e-001  3.6753131e-001
  7.9091188e-001  3.6832738e-001
  7.7596856e-001  3.6920584e-001
  7.9456202e-001  3.6896316e-001
  7.9513335e-001  3.6877187e-001
  7.8865287e-001  3.6717567e-001
  7.8674225e-001  3.6718742e-001
  7.9104944e-001  3.6827522e-001
  7.9134353e-001  3.7124867e-001
  7.7941229e-001  3.6443891e-001
  7.7337395e-001  3.6502253e-001
  7.7345636e-001  3.6288507e-001
  7.7949579e-001  3.6484388e-001
  6.2630957e-001  3.6244091e-001
  6.2733492e-001  3.6168105e-001
  6.4255429e-001  3.6542184e-001
  6.2859915e-001  3.5763459e-001
  6.2645882e-001  3.4949450e-001
  6.2309839e-001  3.4307582e-001
  6.3247916e-001  3.4101735e-001
  6.4061101e-001  3.3437345e-001
  6.3606939e-001  3.2565124e-001
  6.4421913e-001  3.1279608e-001
  6.2165425e-001  3.1203328e-001
  6.4461193e-001  3.0764960e-001
  6.3908349e-001  3.0227870e-001
  6.3094578e-001  2.9282491e-001
  6.4038657e-001  2.8516810e-001
  6.3029408e-001  2.8460478e-001
  6.4000547e-001  2.7707867e-001
  6.2471949e-001  2.7916175e-001
  6.2102301e-001  2.6758580e-001
  6.4244115e-001  2.7175528e-001
  6.2471533e-001  2.6286287e-001
  6.4175560e-001  2.6832419e-001
  6.3131288e-001  2.6318577e-001
  6.4470819e-001  2.5785710e-001
  6.2897254e-001  2.5591823e-001
  6.2947539e-001  2.5465710e-001
  6.3830245e-001  2.5002173e-001
  6.4462937e-001  2.5497287e-001
  6.3249095e-001  2.4764632e-001
  6.4297348e-001  2.5478027e-001
  6.2969786e-001  2.5124329e-001
  6.2453223e-001  2.4907970e-001
  6.2673898e-001  2.5158755e-001
  6.2653970e-001  2.5075051e-001
  6.3643445e-001  2.4778243e-001
  6.4157711e-001  2.4625977e-001
  6.4371688e-001  2.4108948e-001
  6.2330014e-001  2.4724651e-001
  6.2361057e-001  2.4715456e-001
  6.2119673e-001  2.4721494e-001
  6.3142111e-001  2.4376908e-001
  6.2864463e-001  2.3970175e-001
  6.4190398e-001  2.4154092e-001
  6.3766647e-001  2.4056968e-001
  6.4033652e-001  2.3881372e-001
  6.2503398e-001  2.4612895e-001
  6.2617223e-001  2.4532494e-001
  6.3944212e-001  2.4679865e-001
  6.4197854e-001  2.4398086e-001
  6.2847584e-001  2.4509282e-001
  6.2440291e-001  2.4272268e-001
  6.4250096e-001  2.4034130e-001
  6.2154008e-001  2.3755481e-001
  6.2680160e-001  2.4475993e-001
  6.4309950e-001  2.3982580e-001
  6.3158527e-001  2.4613624e-001
  6.2787966e-001  2.4124419e-001
  6.3617651e-001  2.4443060e-001
  6.4410822e-001  2.3853989e-001
  6.3463204e-001  2.4177676e-001
  6.2711417e-001  2.4168573e-001
  6.3708841e-001  2.4307798e-001
  6.3665763e-001  2.4341861e-001
  6.3664234e-001  2.4548929e-001
  6.3117942e-001  2.4130366e-001
  6.4091527e-001  2.4319785e-001
  6.2308305e-001  2.3647375e-001
  6.3440239e-001  2.3927109e-001
  6.2719071e-001  2.3896262e-001
 -2.4427728e-001  2.4316125e-001
 -2.3325758e-001  2.4532082e-001
 -2.3867566e-001  2.2908176e-001
 -2.3340584e-001  2.1929263e-001
 -2.3306430e-001  2.0288001e-001
 -2.4039777e-001  1.9172831e-001
 -2.2233656e-001  1.7017808e-001
 -2.2859164e-001  1.5957212e-001
 -2.4038841e-001  1.3731193e-001
 -2.3012711e-001  1.2067305e-001
 -2.3114829e-001  1.1133896e-001
 -2.2675560e-001  9.4619481e-002
 -2.3701683e-001  7.9753293e-002
 -2.3638026e-001  6.7504055e-002
 -2.3259912e-001  5.5814593e-002
 -2.3216925e-001  4.7656532e-002
 -2.2587924e-001  3.9868299e-002
 -2.3083965e-001  3.0455494e-002
 -2.4196058e-001  2.6661116e-002
 -2.4126695e-001  1.8234239e-002
 -2.4428314e-001  1.2959084e-002
 -2.2450492e-001  8.9575559e-003
 -2.3642289e-001 -3.2353444e-003
 -2.3538039e-001 -1.2363242e-003
 -2.3303193e-001 -3.8402374e-003
 -2.2457260e-001 -1.5257093e-002
 -2.3602994e-001 -2.0285922e-002
 -2.2501646e-001 -1.8702515e-002
 -2.4286322e-001 -2.1327523e-002
 -2.3755100e-001 -2.8604046e-002
 -2.3940622e-001 -2.2691383e-002
 -2.2409228e-001 -2.6013235e-002
 -2.3880123e-001 -2.9068942e-002
 -2.2281933e-001 -3.1430225e-002
 -2.4420799e-001 -3.2964462e-002
 -2.3367188e-001 -3.0207672e-002
 -2.2147174e-001 -3.8688467e-002
 -2.3378259e-001 -3.3532040e-002
 -2.4277675e-001 -3.9823938e-002
 -2.2877862e-001 -4.3005385e-002
 -2.4475434e-001 -4.1740199e-002
 -2.3640120e-001 -3.7556925e-002
 -2.3559033e-001 -4.3791514e-002
 -2.3329789e-001 -3.7030750e-002
 -2.3659280e-001 -4.3366157e-002
 -2.3270332e-001 -4.5851540e-002
 -2.2954344e-001 -4.4485898e-002
 -2.3546148e-001 -4.1994858e-002
 -2.4042184e-001 -4.6903600e-002
 -2.4083609e-001 -4.2246938e-002
 -2.2248070e-001 -4.2648880e-002
 -2.4185939e-001 -4.0525426e-002
 -2.3944430e-001 -4.6003771e-002
 -2.2206473e-001 -4.4688539e-002
 -2.2515816e-001 -4.2670793e-002
 -2.3354629e-001 -4.0240460e-002
 -2.2349976e-001 -4.1103201e-002
 -2.2242171e-001 -4.6851250e-002
 -2.4145850e-001 -5.0014153e-002
 -2.3659960e-001 -4.4334024e-002
 -2.2731822e-001 -4.9416350e-002
 -2.2308659e-001 -4.5698632e-002
 -2.2297936e-001 -4.5275062e-002
 -2.3465290e-001 -4.2036110e-002
 -2.3464446e-001 -4.7628508e-002
 -2.2318307e-001 -4.6298178e-002
 -2.3258057e-001 -4.4157385e-002
 -2.2478323e-001 -4.3326086e-002
 -2.4329772e-001 -4.5524666e-002
 -1.2982972e-002 -4.8773026e-002
 -1.7462631e-002 -4.7515712e-002
 -2.7635771e-002 -4.6887713e-002
 -3.4309933e-002 -4.6008448e-002
 -2.2055225e-002 -3.7756507e-002
 -2.5159489e-002 -3.9264614e-002
 -1.5173845e-002 -4.0970866e-002
 -2.1737182e-002 -3.2451097e-002
 -2.9093952e-002 -3.4742986e-002
 -3.5530061e-002 -3.4294189e-002
 -3.0964194e-002 -2.8605307e-002
 -1.4294905e-002 -2.2283291e-002
 -3.4089381e-002 -2.6871811e-002
 -2.8675028e-002 -2.2290732e-002
 -3.0179768e-002 -1.6335647e-002
 -2.7137163e-002 -1.9678116e-002
 -1.6796749e-002 -1.7990019e-002
 -2.7210430e-002 -1.9953435e-002
 -2.0657439e-002 -1.5818451e-002
 -1.7179723e-002 -1.4256255e-002
 -1.2260035e-002 -1.4223360e-002
 -1.7808659e-002 -8.6925206e-003
 -2.8432016e-002 -1.3237341e-002
 -2.1823684e-002 -1.1117606e-002
 -1.4603726e-002 -1.3843479e-002
 -3.3542411e-002 -1.3977041e-002
 -3.3374685e-002 -1.5248772e-002
 -1.3110252e-002 -5.2226954e-003
 -2.0211337e-002 -8.2363626e-003
 -2.2878038e-002 -4.5462039e-003
 -2.3739998e-002 -4.8918655e-003
 -1.9436355e-002 -1.0688070e-002
 -2.9022513e-002 -4.6733418e-003
 -3.2975717e-002 -6.7059258e-003
 -2.8591932e-002 -1.2873851e-002
 -2.1940278e-002 -5.6483688e-003
 -2.9969225e-002 -5.2797139e-003
 -3.4281088e-002 -5.3716283e-003
 -1.8615104e-002 -1.1694748e-002
 -1.4303346e-002 -8.8328312e-003
 -3.0279486e-002 -7.0052523e-003
 -2.0854154e-002 -1.0274858e-002
 -2.3383371e-002 -1.1799243e-002
 -1.6605666e-002 -9.8556907e-003
 -1.9926536e-002 -8.1558297e-003
 -3.2317030e-002 -1.1588593e-002
 -1.8857169e-002 -1.8963849e-003
 -2.7060060e-002 -6.3752811e-003
 -3.4521513e-002 -6.5721721e-003
 -2.3356147e-002 -4.0541387e-003
 -1.8842282e-002 -4.9106909e-003
 -2.5789341e-002 -1.7770420e-003
 -2.9060530e-002 -6.9766771e-003
 -1.8162185e-002 -3.1282571e-003
 -1.7209663e-002 -8.0710675e-003
 -3.3405332e-002 -9.4004627e-003
 -2.3195402e-002 -8.0991930e-003
 -1.3031635e-002 -9.9367761e-003
 -1.3026607e-002 -4.9428654e-003
 -1.4071995e-002 -7.8399002e-003
 -1.6135319e-002 -1.1068627e-002
 -1.8075975e-002 -2.1156537e-003
 -1.3891612e-002 -8.5243036e-003
 -2.4809170e-002 -2.6457199e-003
 -2.0342122e-002 -9.1566768e-003
 -3.1104939e-002 -7.6406931e-003
 -1.2915211e-002 -4.3268391e-003
 -1.2953454e-002 -3.5440972e-003
 -3.1152662e-002 -6.1287405e-003
 -5.1642934e-001 -5.0902924e-003
 -5.2116858e-001 -3.5449955e-003
 -5.2362507e-001 -6.9594368e-003
 -5.1882581e-001 -7.2759164e-003
 -5.3718460e-001 -1.1050967e-002
 -5.3061171e-001 -9.4840691e-003
 -5.1958093e-001 -9.6525697e-003
 -5.2095846e-001 -7.8922920e-003
 -5.3816669e-001 -8.6394479e-003
 -5.1594306e-001 -8.8661697e-003
 -5.2928834e-001 -6.7486238e-003
 -5.1958997e-001 -8.2209130e-003
 -5.1665624e-001 -3.7127028e-003
 -5.3336466e-001 -5.7874201e-003
 -5.1624742e-001 -1.1021268e-002
 -5.3519438e-001 -1.1100841e-002
 -5.2585657e-001 -8.7638691e-003
 -5.2168120e-001 -9.1944978e-003
 -5.2145791e-001 -5.5523525e-003
 -5.2748289e-001 -3.7983353e-003
 -5.2172618e-001 -1.1398333e-002
 -5.3263253e-001 -1.5989318e-003
 -5.3157799e-001 -8.1807148e-003
 -5.2935583e-001 -8.2442731e-003
 -5.3783386e-001 -1.0695495e-002
 -5.3170717e-001 -1.0369692e-002
 -5.2099269e-001 -1.0969328e-002
 -5.3361282e-001 -3.5436165e-003
 -5.2071357e-001 -2.1670292e-003
 -5.1777165e-001 -6.3700358e-003
 -5.1690681e-001 -5.6934095e-003
 -5.1724379e-001 -1.0658007e-002
 -5.3363636e-001 -2.2410313e-003
 -5.2443511e-001 -1.0956879e-002
 -5.1525432e-001 -3.1297929e-003
 -5.2611623e-001 -1.0743239e-002
 -5.3540020e-001 -1.1348511e-002
 -5.3475029e-001 -8.1896499e-003
 -5.2224327e-001 -1.1042268e-002
 -5.3126470e-001 -7.3918022e-003
 -5.1835528e-001 -2.0560051e-003
 -5.1508324e-001 -4.7904128e-003
 -5.1928723e-001 -7.8023667e-003
 -5.2477456e-001 -7.7482294e-003
 -5.3015690e-001 -7.9905252e-003
 -5.1540968e-001 -1.0321772e-002
 -5.2369428e-001 -5.7798120e-003
 -5.1790604e-001 -9.5320223e-003
 -5.2929609e-001 -8.5560859e-003
 -5.3558736e-001 -4.1678883e-003
 -5.3596488e-001 -9.7459158e-003
 -5.3062397e-001 -2.0871756e-003
 -5.2248087e-001 -3.2511666e-003
 -5.1956340e-001 -7.8599285e-003
 -5.2144123e-001 -3.2362699e-003
 -5.3460829e-001 -4.1507139e-003
 -5.3392264e-001 -6.9302385e-003
 -5.2150073e-001 -2.0792118e-003
 -5.3643602e-001 -6.8863135e-003
 -5.2241311e-001 -4.1903230e-003
 -5.2882653e-001 -5.7250054e-003
 -5.1901924e-001 -3.6250272e-003
 -5.3006003e-001 -6.3986959e-003
 -5.3500440e-001 -9.7091026e-003
 -5.1892870e-001 -7.5279476e-003
 -5.1848598e-001 -4.5631702e-003
 -5.1837387e-001 -4.4716776e-003
 -5.3568668e-001 -3.9279633e-003
 -5.1926533e-001 -8.7566810e-003
  3.1908608e-001 -6.7486950e-003
  3.2821200e-001 -1.9368541e-003
  3.3045766e-001 -7.9904164e-003
  3.2119617e-001 -4.1499693e-003
  3.1628648e-001  5.8682447e-003
  3.3013713e-001  1.1218942e-002
  3.1400707e-001  1.5561386e-002
  3.1665528e-001  1.8971278e-002
  3.1910068e-001  3.0505160e-002
  3.1255894e-001  3.7024348e-002
  3.1845995e-001  4.0407323e-002
  3.1898622e-001  4.6679790e-002
  3.0868434e-001  5.1473622e-002
  3.1142891e-001  5.0374579e-002
  3.1706997e-001  5.6032028e-002
  3.1408747e-001  6.1103921e-002
  3.2603628e-001  6.9393259e-002
  3.1087214e-001  7.0558993e-002
  3.0864819e-001  7.2302291e-002
  3.1631049e-001  7.0804382e-002
  3.1692503e-001  7.0746086e-002
  3.1036179e-001  7.6104179e-002
  3.0747322e-001  7.8440392e-002
  3.2002616e-001  8.0203428e-002
  3.1838236e-001  8.1228897e-002
  3.1834460e-001  8.0642479e-002
  3.1438758e-001  8.3978873e-002
  3.2472623e-001  8.5850758e-002
  3.2530472e-001  8.8819594e-002
  3.3052370e-001  9.1175515e-002
  3.2260494e-001  8.9823492e-002
  3.2383630e-001  9.3728238e-002
  3.0997274e-001  8.8487895e-002
  3.2936460e-001  8.7835717e-002
  3.2493926e-001  9.3444042e-002
  3.1031945e-001  9.4696713e-002
  3.2141753e-001  9.2024215e-002
  3.0894006e-001  8.7680318e-002
  3.1152827e-001  8.7223951e-002
  3.2528918e-001  9.5867147e-002
  3.1516169e-001  9.2242846e-002
  3.0940588e-001  9.4232391e-002
  3.1524251e-001  9.0948036e-002
  3.2607407e-001  9.7145997e-002
  3.1551128e-001  9.6216247e-002
  3.2100266e-001  9.3927700e-002
  3.1937785e-001  9.4451301e-002
  3.2633628e-001  9.6251241e-002
  3.2529595e-001  9.7944616e-002
  3.1358848e-001  9.5263439e-002
  3.1477055e-001  9.9261324e-002
  3.2307719e-001  9.3072507e-002
  3.2582453e-001  9.0746862e-002
  3.2856862e-001  9.0101328e-002
  3.1295165e-001  9.2468373e-002
  3.1757899e-001  9.7850747e-002
  3.2436095e-001  9.0220713e-002
  3.2042820e-001  9.6903287e-002
  3.1430213e-001  9.2904162e-002
  3.2204280e-001  9.0028638e-002
  3.1047630e-001  9.8622369e-002
  3.1043356e-001  9.9700057e-002
  3.0742398e-001  9.0518639e-002
  3.0981623e-001  9.8242072e-002
  3.1704273e-001  9.7825410e-002
  3.0892235e-001  9.3362312e-002
  3.1972842e-001  9.3453923e-002
  3.1979656e-001  9.2714982e-002
  3.2983904e-001  9.5676171e-002
  4.8407364e-001  9.8644001e-002
  4.7410657e-001  9.6152716e-002
  4.7813810e-001  9.3646885e-002
  4.7898731e-001  9.6196172e-002
  4.9405238e-001  9.8493377e-002
  4.8266545e-001  1.0227454e-001
  4.7852749e-001  1.1016469e-001
  4.7831350e-001  1.1034809e-001
  4.7526293e-001  1.2106205e-001
  4.7449611e-001  1.2597533e-001
  4.7261800e-001  1.2585415e-001
  4.9447405e-001  1.3206762e-001
  4.7757558e-001  1.3515354e-001
  4.8292007e-001  1.3312246e-001
  4.9362391e-001  1.3139174e-001
  4.8968953e-001  1.3882163e-001
  4.8992393e-001  1.3929279e-001
  4.9340356e-001  1.4601530e-001
  4.9419593e-001  1.4728014e-001
  4.8901714e-001  1.4502971e-001
  4.8487574e-001  1.4582361e-001
  4.8278033e-001  1.5252633e-001
  4.7919951e-001  1.4962883e-001
  4.9389121e-001  1.5445923e-001
  4.8010917e-001  1.4844766e-001
  4.7823161e-001  1.5011085e-001
  4.7179411e-001  1.4871116e-001
  4.8671230e-001  1.5177735e-001
  4.7186766e-001  1.5682316e-001
  4.8417335e-001  1.5601526e-001
  4.8957038e-001  1.5441695e-001
  4.8089748e-001  1.5531231e-001
  4.9403320e-001  1.5794968e-001
  4.8895497e-001  1.5549801e-001
  4.8749597e-001  1.5488930e-001
  4.9338049e-001  1.6035264e-001
  4.9545987e-001  1.5706267e-001
  4.9086458e-001  1.5960838e-001
  4.8874522e-001  1.5234241e-001
  4.7924003e-001  1.6066471e-001
  4.8379222e-001  1.6202079e-001
  4.7770401e-001  1.5386262e-001
  4.7880743e-001  1.6081956e-001
  4.7522194e-001  1.6186527e-001
  4.9154789e-001  1.5760968e-001
  4.8916986e-001  1.5965528e-001
  4.7529432e-001  1.6237524e-001
  4.8751936e-001  1.6194291e-001
  4.8489678e-001  1.6085975e-001
  4.9033769e-001  1.5907869e-001
  4.8394782e-001  1.5841558e-001
  4.7219615e-001  1.5724427e-001
  4.8800846e-001  1.6126603e-001
  4.8561403e-001  1.5537396e-001
  4.7635302e-001  1.5870658e-001
  4.7609022e-001  1.6269600e-001
  4.8032163e-001  1.6046708e-001
  4.7706287e-001  1.5727966e-001
  4.8952708e-001  1.5477624e-001
  4.7197933e-001  1.6284085e-001
  4.7205393e-001  1.6107382e-001
  4.7720318e-001  1.5697982e-001
  4.8863502e-001  1.6137852e-001
  4.8358673e-001  1.5537010e-001
  4.8606526e-001  1.5422916e-001
  4.7812772e-001  1.5880022e-001
  4.7486748e-001  1.6200178e-001
  4.9283820e-001  1.5887102e-001
  4.7193100e-001  1.6212632e-001
  2.8178104e-001  1.5636813e-001
  2.7074487e-001  1.5768420e-001
  2.8159063e-001  1.5638154e-001
  2.7177503e-001  1.5594198e-001
  2.8409307e-001  1.4608803e-001
  2.7303827e-001  1.4197765e-001
  2.8861984e-001  1.4342165e-001
  2.7955814e-001  1.3921823e-001
  2.7274246e-001  1.3629240e-001
  2.8617586e-001  1.2782304e-001
  2.6951674e-001  1.2314667e-001
  2.7972597e-001  1.1746035e-001
  2.6894409e-001  1.1440080e-001
  2.6763541e-001  1.1762173e-001
  2.7207737e-001  1.0885905e-001
  2.8628238e-001  1.0420691e-001
  2.7679943e-001  1.0442066e-001
  2.8126870e-001  1.0008381e-001
  2.6900362e-001  9.8161174e-002
  2.8269720e-001  1.0331287e-001
  2.8308945e-001  9.4579849e-002
  2.7662030e-001  1.0077237e-001
  2.8168436e-001  9.0963400e-002
  2.8380599e-001  9.7931503e-002
  2.8990960e-001  9.1332757e-002
  2.6797520e-001  9.3784922e-002
  2.6753431e-001  8.9840847e-002
  2.7829156e-001  9.2223401e-002
  2.9007716e-001  8.6711148e-002
  2.8198432e-001  9.1061430e-002
  2.7764394e-001  8.8705583e-002
  2.7883613e-001  8.4443649e-002
  2.8229402e-001  8.2069589e-002
  2.8556950e-001  8.4770544e-002
  2.8022857e-001  8.2012635e-002
  2.8846331e-001  8.8484208e-002
  2.7858812e-001  8.0874623e-002
  2.8976501e-001  8.7885573e-002
  2.8318650e-001  8.0024373e-002
  2.9091269e-001  8.0634909e-002
  2.7019993e-001  8.2498071e-002
  2.8919341e-001  8.4395690e-002
  2.8980808e-001  8.0413211e-002
  2.7200331e-001  8.3982816e-002
  2.8588867e-001  8.6282344e-002
  2.6763461e-001  8.7440284e-002
  2.8585645e-001  8.5698102e-002
  2.8763094e-001  8.4934601e-002
  2.8674521e-001  8.2276745e-002
  2.7861019e-001  8.3352620e-002
  2.6996644e-001  7.9760049e-002
  2.7127747e-001  8.4165695e-002
  2.7546869e-001  7.8540306e-002
  2.6853713e-001  8.5379952e-002
  2.7236675e-001  8.5579305e-002
  2.9119608e-001  7.9138755e-002
  2.8759813e-001  8.5011924e-002
  2.7001607e-001  8.0196872e-002
  2.7728288e-001  8.1524092e-002
  2.7339034e-001  7.7940356e-002
  2.7700397e-001  8.4793959e-002
  2.7904303e-001  7.8870473e-002
  2.8914145e-001  8.2639705e-002
  2.8976300e-001  8.5073659e-002
  2.8353977e-001  8.6679625e-002
  2.8406322e-001  8.4237746e-002
  2.7335529e-001  8.1014871e-002
  2.7635286e-001  8.3961090e-002
  2.8336615e-001  8.6524869e-002
  9.3387881e-001  8.3260318e-002
  9.4713255e-001  7.8953076e-002
  9.4994866e-001  9.8051343e-002
  9.5040207e-001  1.0994855e-001
  9.3105717e-001  1.3562036e-001
  9.4967445e-001  1.6575908e-001
  9.4200151e-001  1.9676580e-001
  9.3114258e-001  2.1958700e-001
  9.3182868e-001  2.4872091e-001
  9.3997721e-001  2.7776341e-001
  9.4423565e-001  2.9904535e-001
  9.4665438e-001  3.2556575e-001
  9.4446355e-001  3.4543375e-001
  9.4457995e-001  3.6713828e-001
  9.3688111e-001  3.8763853e-001
  9.5097705e-001  4.0550934e-001
  9.2900909e-001  4.2303590e-001
  9.4952356e-001  4.3618044e-001
  9.4680030e-001  4.4965853e-001
  9.3410711e-001  4.6142806e-001
  9.2899404e-001  4.7084777e-001
  9.2967273e-001  4.8090004e-001
  9.3800582e-001  4.8425894e-001
  9.2989147e-001  4.9847916e-001
  9.4720472e-001  5.0399670e-001
  9.5065175e-001  5.0571233e-001
  9.4257852e-001  5.1868505e-001
  9.5004963e-001  5.2307525e-001
  9.4458554e-001  5.2808972e-001
  9.3766507e-001  5.2587357e-001
  9.5051633e-001  5.2929562e-001
  9.5059622e-001  5.3391595e-001
  9.3017164e-001  5.3844415e-001
  9.2900684e-001  5.4122710e-001
  9.4846436e-001  5.4825575e-001
  9.4515186e-001  5.4298220e-001
  9.3542195e-001  5.4514340e-001
  9.5059729e-001  5.5310810e-001
  9.3558208e-001  5.4766561e-001
  9.3106986e-001  5.5475501e-001
  9.3843875e-001  5.5198700e-001
  9.3203582e-001  5.5245594e-001
  9.4606607e-001  5.5470913e-001
  9.3542713e-001  5.5491548e-001
  9.4262312e-001  5.5608041e-001
  9.3916803e-001  5.6193821e-001
  9.4048919e-001  5.6441863e-001
  9.4395004e-001  5.5720886e-001
  9.4243419e-001  5.6401322e-001
  9.2951993e-001  5.6216357e-001
  9.3428409e-001  5.6595128e-001
  9.3985403e-001  5.6108593e-001
  9.3565974e-001  5.6348597e-001
  9.3619162e-001  5.6050477e-001
  9.4387387e-001  5.6771979e-001
  9.3761299e-001  5.6593212e-001
  9.4949051e-001  5.6440599e-001
  9.4732276e-001  5.6976596e-001
  9.5021987e-001  5.6727360e-001
  9.5170715e-001  5.6375543e-001
  9.3674783e-001  5.7019235e-001
  9.3695593e-001  5.6986843e-001
  9.4059021e-001  5.6460338e-001
  9.4782487e-001  5.7040526e-001
  9.3904693e-001  5.6669926e-001
  9.4269760e-001  5.6915950e-001
  9.4918574e-001  5.6295984e-001
  9.4768440e-001  5.6958151e-001
  9.5157864e-001  5.6747988e-001
 -9.0443908e-001  5.6631587e-001
 -8.9870717e-001  5.6777662e-001
 -8.8859015e-001  5.6241823e-001
 -8.8842780e-001  5.5656821e-001
 -8.9963308e-001  5.5516967e-001
 -8.9170537e-001  5.4701070e-001
 -9.0670584e-001  5.4708041e-001
 -9.0717510e-001  5.3638818e-001
 -8.9575557e-001  5.2754175e-001
 -9.0479876e-001  5.2427913e-001
 -8.9636042e-001  5.1915674e-001
 -9.0155897e-001  5.1300759e-001
 -8.8470195e-001  5.1035303e-001
 -9.0069427e-001  5.0933010e-001
 -9.0619593e-001  4.9953409e-001
 -8.8903275e-001  4.9826405e-001
 -8.8693587e-001  4.9868144e-001
 -8.9932452e-001  4.9731296e-001
 -8.9078926e-001  4.9234764e-001
 -8.9778875e-001  4.8426300e-001
 -8.9381007e-001  4.8827700e-001
 -8.8916713e-001  4.8366284e-001
 -9.0652209e-001  4.8024399e-001
 -8.8700410e-001  4.7546133e-001
 -9.0431210e-001  4.7528403e-001
 -8.9827331e-001  4.7900503e-001
 -9.0619518e-001  4.7174206e-001
 -8.9899993e-001  4.7201533e-001
 -8.8993232e-001  4.7708949e-001
 -8.8711134e-001  4.7566808e-001
 -8.9265282e-001  4.7656673e-001
 -8.9433912e-001  4.7504739e-001
 -8.9476936e-001  4.7444680e-001
 -8.9599794e-001  4.6820790e-001
 -8.8813159e-001  4.6637684e-001
 -9.0728497e-001  4.6463848e-001
 -9.0308483e-001  4.6488117e-001
 -8.9227752e-001  4.7195870e-001
 -8.9253402e-001  4.6323075e-001
 -8.9944365e-001  4.7164052e-001
 -8.8868717e-001  4.6494376e-001
 -8.9376894e-001  4.6712171e-001
 -8.8816161e-001  4.6613149e-001
 -8.8936579e-001  4.6346889e-001
 -8.9782174e-001  4.6563211e-001
 -8.8877485e-001  4.6800848e-001
 -8.8892102e-001  4.6656267e-001
 -9.0229395e-001  4.6682662e-001
 -8.8859075e-001  4.6754698e-001
 -9.0760132e-001  4.6351630e-001
 -8.9845689e-001  4.6324215e-001
 -9.0554104e-001  4.6083037e-001
 -8.8654958e-001  4.6140001e-001
 -8.9003957e-001  4.6935705e-001
 -8.9731890e-001  4.6182184e-001
 -8.9020859e-001  4.6611894e-001
 -9.0281781e-001  4.6267829e-001
 -9.0579867e-001  4.6734778e-001
 -8.9480575e-001  4.7016075e-001
 -9.0586649e-001  4.6713627e-001
 -9.0433125e-001  4.6507868e-001
 -8.8701571e-001  4.6063239e-001
 -8.9918993e-001  4.6230931e-001
 -9.0015198e-001  4.6113481e-001
 -8.9174228e-001  4.6893095e-001
 -9.0038735e-001  4.6959391e-001
 -8.9166785e-001  4.6181114e-001
 -8.9718244e-001  4.6067145e-001
 -8.9197721e-001  4.6055058e-001
 -5.6205035e-001  4.6907246e-001
 -5.6234746e-001  4.6800647e-001
 -5.6386948e-001  4.5493407e-001
 -5.7234359e-001  4.3820171e-001
 -5.6181288e-001  4.1247485e-001
 -5.6242874e-001  3.8825529e-001
 -5.6946514e-001  3.6466430e-001
 -5.6997263e-001  3.3557349e-001
 -5.7116233e-001  3.0954311e-001
 -5.6072914e-001  2.8111328e-001
 -5.7704459e-001  2.5464164e-001
 -5.5837426e-001  2.3773663e-001
 -5.5598140e-001  2.2037945e-001
 -5.7181363e-001  1.9456381e-001
 -5.6664929e-001  1.8018213e-001
 -5.6530469e-001  1.6304378e-001
 -5.5969145e-001  1.5483193e-001
 -5.6270084e-001  1.3433174e-001
 -5.6111811e-001  1.2279682e-001
 -5.6222855e-001  1.1222166e-001
 -5.6189334e-001  1.0692197e-001
 -5.6446272e-001  9.8407096e-002
 -5.7123704e-001  8.3699218e-002
 -5.5437558e-001  8.1352162e-002
 -5.6308043e-001  7.0959605e-002
 -5.6450166e-001  6.5149096e-002
 -5.6883304e-001  6.4739786e-002
 -5.7364063e-001  5.8182942e-002
 -5.6475773e-001  5.1858988e-002
 -5.6460722e-001  5.1651556e-002
 -5.7171319e-001  5.0365882e-002
 -5.7618523e-001  4.3350774e-002
 -5.7338582e-001  3.5873558e-002
 -5.6724089e-001  3.5312657e-002
 -5.6567738e-001  3.0545629e-002
 -5.5352664e-001  3.7713801e-002
 -5.7640708e-001  3.4347586e-002
 -5.5903635e-001  2.8437509e-002
 -5.5897516e-001  2.4576475e-002
 -5.6680646e-001  2.5802828e-002
 -5.5630294e-001  2.6394358e-002
 -5.6031874e-001  2.2477003e-002
 -5.6154215e-001  2.5650466e-002
 -5.6901589e-001  1.8440388e-002
 -5.6171825e-001  2.5215677e-002
 -5.7009836e-001  2.1401843e-002
 -5.6444645e-001  2.0478155e-002
 -5.6610979e-001  2.0337608e-002
 -5.6071847e-001  1.5280454e-002
 -5.6220535e-001  1.7678408e-002
 -5.7533562e-001  1.4967873e-002
 -5.7623386e-001  1.7316901e-002
 -5.7044246e-001  1.3938690e-002
 -5.6816978e-001  2.0890746e-002
 -5.7591283e-001  2.0292958e-002
 -5.5929046e-001  1.7183159e-002
 -5.6240766e-001  1.4690670e-002
 -5.6090560e-001  1.2473863e-002
 -5.6763688e-001  2.0898049e-002
 -5.6496885e-001  2.0034700e-002
 -5.5521952e-001  1.9263613e-002
 -5.5788016e-001  1.9619805e-002
 -5.6817221e-001  1.2112870e-002
 -5.7182061e-001  2.0038061e-002
 -5.6881444e-001  1.1943229e-002
 -5.6970420e-001  2.0185636e-002
 -5.6939668e-001  1.4317250e-002
 -5.5961599e-001  1.6838609e-002
 -5.7067253e-001  1.9604738e-002
  8.1751717e-001  1.9460264e-002
  8.0709190e-001  1.1265851e-002
  8.1075612e-001  1.9748815e-002
  8.0035449e-001  4.4450531e-002
  8.2069920e-001  5.7558574e-002
  8.2103451e-001  8.0195883e-002
  8.0077892e-001  1.0085951e-001
  8.0655964e-001  1.2471551e-001
  8.0477615e-001  1.4742419e-001
  7.9799660e-001  1.7043192e-001
  8.0347472e-001  1.8409796e-001
  8.0840899e-001  2.0570447e-001
  8.0414626e-001  2.2368569e-001
  8.1873288e-001  2.3788765e-001
  8.2095093e-001  2.5080390e-001
  8.1600143e-001  2.6606723e-001
  8.1893316e-001  2.7720669e-001
  8.1013399e-001  2.8603898e-001
  8.1451061e-001  2.9942010e-001
  8.0559624e-001  3.0656737e-001
  8.1128633e-001  3.1314728e-001
  8.0481234e-001  3.2904739e-001
  8.1932732e-001  3.3317055e-001
  8.0137525e-001  3.3626633e-001
  8.2079953e-001  3.4405781e-001
  8.0179844e-001  3.4502306e-001
  8.0475920e-001  3.5408065e-001
  8.0341251e-001  3.5204603e-001
  8.0345391e-001  3.6143753e-001
  8.0021270e-001  3.6001999e-001
  8.0701494e-001  3.6998606e-001
  8.1239270e-001  3.6991976e-001
  8.0207123e-001  3.6697824e-001
  8.1190813e-001  3.7401286e-001
  8.1885564e-001  3.7267270e-001
  8.0891375e-001  3.7590875e-001
  8.1435220e-001  3.7573761e-001
  8.0646927e-001  3.8134888e-001
  8.0001160e-001  3.8369372e-001
  8.1647774e-001  3.8244713e-001
  8.1114325e-001  3.8574963e-001
  8.0166143e-001  3.7993809e-001
  8.0897723e-001  3.8191796e-001
  8.0555441e-001  3.8723042e-001
  8.1496273e-001  3.8461746e-001
  8.1646891e-001  3.8371354e-001
  8.1846542e-001  3.9018496e-001
  8.2077601e-001  3.8568630e-001
  8.1624058e-001  3.8952447e-001
  8.1728887e-001  3.8820318e-001
  8.0640256e-001  3.8914625e-001
  8.1610270e-001  3.9432766e-001
  8.0829077e-001  3.8516733e-001
  8.1975850e-001  3.9068828e-001
  8.1548974e-001  3.9290880e-001
  8.1988513e-001  3.9380784e-001
  7.9916487e-001  3.9142876e-001
  8.1131211e-001  3.9611706e-001
  8.0488027e-001  3.8743669e-001
  8.0786929e-001  3.8948975e-001
  8.1478037e-001  3.9557531e-001
  7.9826185e-001  3.9055584e-001
  8.1475229e-001  3.9377109e-001
  8.0040513e-001  3.9671278e-001
  8.2099465e-001  3.9585069e-001
  8.1585651e-001  3.9073909e-001
  8.0225634e-001  3.9272998e-001
  8.1138852e-001  3.9656728e-001
  7.9848697e-001  3.9413698e-001
  1.3964947e-001  3.8981526e-001
  1.4137944e-001  3.8770750e-001
  1.4737691e-001  3.8630763e-001
  1.3854844e-001  3.7338912e-001
  1.5194148e-001  3.4915779e-001
  1.4812871e-001  3.2763048e-001
  1.5417547e-001  3.0603119e-001
  1.3526522e-001  2.8479662e-001
  1.3744437e-001  2.7310461e-001
  1.3729059e-001  2.5142951e-001
  1.4398793e-001  2.3612487e-001
  1.3567770e-001  2.1443212e-001
  1.5319959e-001  1.9909278e-001
  1.4164076e-001  1.8183664e-001
  1.3141632e-001  1.6831650e-001
  1.4343642e-001  1.5508500e-001
  1.5135377e-001  1.5007026e-001
  1.5282164e-001  1.3313894e-001
  1.5073677e-001  1.2837974e-001
  1.4282273e-001  1.1460063e-001
  1.4623962e-001  1.1018785e-001
  1.4106402e-001  1.0142881e-001
  1.3348158e-001  1.0199023e-001
  1.4743448e-001  9.5675701e-002
  1.4781785e-001  8.9221479e-002
  1.5339354e-001  8.1665935e-002
  1.4045857e-001  7.4160345e-002
  1.4464631e-001  7.2929625e-002
  1.5176111e-001  6.8121531e-002
  1.4296798e-001  7.0787888e-002
  1.4266450e-001  6.4157396e-002
  1.5418841e-001  6.3150356e-002
  1.3187266e-001  6.0925240e-002
  1.3122587e-001  6.1334243e-002
  1.3334250e-001  5.6507649e-002
  1.3636693e-001  5.3258801e-002
  1.3995105e-001  4.8247612e-002
  1.4693256e-001  5.6065090e-002
  1.4030069e-001  4.6248538e-002
  1.3492909e-001  5.0553452e-002
  1.3390061e-001  5.1313536e-002
  1.3157083e-001  4.5607480e-002
  1.5270685e-001  4.8739445e-002
  1.4667195e-001  4.9400689e-002
  1.3133619e-001  4.4383064e-002
  1.4610389e-001  4.1989845e-002
  1.4675613e-001  4.1511286e-002
  1.4997806e-001  4.7874079e-002
  1.4067117e-001  4.1277820e-002
  1.4384710e-001  4.6700032e-002
  1.5411184e-001  4.3986499e-002
  1.4211962e-001  3.9628744e-002
  1.3759172e-001  3.9145780e-002
  1.3330811e-001  4.6830404e-002
  1.4943622e-001  4.4248882e-002
  1.4123309e-001  4.1379992e-002
  1.3271530e-001  4.2360916e-002
  1.4919466e-001  4.5462175e-002
  1.4491691e-001  3.9745956e-002
  1.4338114e-001  4.4425675e-002
  1.5035892e-001  3.8483358e-002
  1.4697527e-001  3.8764377e-002
  1.5127264e-001  4.3312452e-002
  1.3066246e-001  3.8147844e-002
  1.3151169e-001  3.9138294e-002
  1.3709780e-001  3.6796423e-002
  1.4535566e-001  4.1450655e-002
  1.4425331e-001  4.4633658e-002
  1.4087790e-001  4.3582047e-002
 -2.7565564e-001  4.0004679e-002
 -2.7702513e-001  3.5441860e-002
 -2.7502083e-001  3.3324555e-002
 -2.6756943e-001  3.8035055e-002
 -2.7755474e-001  3.0070659e-002
 -2.7724525e-001  2.0024408e-002
 -2.8218641e-001  1.4140791e-002
 -2.6601038e-001  1.7663694e-002
 -2.7794113e-001  1.3441932e-002
 -2.6580099e-001  6.1404089e-005
 -2.6444278e-001  2.6462376e-003
 -2.6335569e-001 -5.6108382e-003
 -2.6750340e-001 -1.4153018e-002
 -2.6859850e-001 -1.3410592e-002
 -2.8274749e-001 -1.5642148e-002
 -2.6250029e-001 -2.2516148e-002
 -2.7285847e-001 -2.2135968e-002
 -2.7008964e-001 -2.2264720e-002
 -2.7909955e-001 -2.8711035e-002
 -2.8333955e-001 -2.9412789e-002
 -2.8354969e-001 -3.1499436e-002
 -2.8264866e-001 -3.2162297e-002
 -2.7033198e-001 -3.9461267e-002
 -2.6603960e-001 -3.5690541e-002
 -2.7608159e-001 -3.4963986e-002
 -2.7286371e-001 -3.8188656e-002
 -2.7508378e-001 -4.3079810e-002
 -2.8019580e-001 -3.6748442e-002
 -2.7780262e-001 -4.6124904e-002
 -2.7873697e-001 -4.2636069e-002
 -2.7939421e-001 -4.1579493e-002
 -2.7914755e-001 -4.5089277e-002
 -2.6717844e-001 -4.4126953e-002
 -2.7360236e-001 -4.5278709e-002
 -2.7759036e-001 -5.0346618e-002
 -2.7566518e-001 -4.8772051e-002
 -2.8006015e-001 -4.4503747e-002
 -2.7893363e-001 -4.4459696e-002
 -2.7036000e-001 -4.7143850e-002
 -2.6196284e-001 -4.8408815e-002
 -2.6866032e-001 -5.1167166e-002
 -2.6300745e-001 -4.6590485e-002
 -2.8092006e-001 -4.5693710e-002
 -2.6039900e-001 -4.5353853e-002
 -2.6377225e-001 -4.6353249e-002
 -2.6622727e-001 -5.2629262e-002
 -2.7755216e-001 -4.8565589e-002
 -2.6903277e-001 -4.5591102e-002
 -2.8305972e-001 -4.7276192e-002
 -2.7276050e-001 -4.7472492e-002
 -2.6574192e-001 -4.6807030e-002
 -2.7618621e-001 -5.3263609e-002
 -2.7981308e-001 -4.9884463e-002
 -2.8278420e-001 -4.8680086e-002
 -2.6811359e-001 -4.5089902e-002
 -2.6519668e-001 -4.7301694e-002
 -2.7054853e-001 -4.6950753e-002
 -2.8294470e-001 -4.4680211e-002
 -2.8319715e-001 -5.2671196e-002
 -2.7451758e-001 -5.4267464e-002
 -2.7655485e-001 -4.5234520e-002
 -2.6201078e-001 -5.4384648e-002
 -2.6448309e-001 -4.5818739e-002
 -2.8009102e-001 -5.0832245e-002
 -2.7404287e-001 -4.5492838e-002
 -2.6181233e-001 -4.7550184e-002
 -2.6135211e-001 -5.0440830e-002
 -2.8296864e-001 -5.2107336e-002
 -2.7698421e-001 -5.1343121e-002
 -6.2082896e-001 -5.3750844e-002
 -6.2746608e-001 -5.4314798e-002
 -6.2537258e-001 -4.2975249e-002
 -6.4194088e-001 -4.4397215e-002
 -6.2126732e-001 -3.3940883e-002
 -6.3527106e-001 -3.2624608e-002
 -6.3604376e-001 -2.4904821e-002
 -6.2224108e-001 -1.6966885e-002
 -6.3064803e-001 -8.5616083e-003
 -6.3011818e-001 -8.9949312e-003
 -6.4042164e-001 -1.9258852e-004
 -6.2737472e-001  6.8388098e-003
 -6.2386997e-001  1.1623901e-002
 -6.3797884e-001  1.7085207e-002
 -6.2291209e-001  2.0138979e-002
 -6.2192243e-001  2.8875567e-002
 -6.2386412e-001  3.0655613e-002
 -6.3465151e-001  3.3197195e-002
 -6.1957822e-001  3.6371835e-002
 -6.3991310e-001  3.3511976e-002
 -6.2195938e-001  4.1881432e-002
 -6.3949728e-001  4.1124765e-002
 -6.4166800e-001  4.2226148e-002
 -6.3557147e-001  4.8335177e-002
 -6.2734773e-001  4.3283939e-002
 -6.2919573e-001  4.4921236e-002
 -6.3233146e-001  5.0856766e-002
 -6.3933091e-001  5.2923524e-002
 -6.3067082e-001  5.5894129e-002
 -6.2908399e-001  5.1862162e-002
 -6.3683595e-001  5.6122599e-002
 -6.3491865e-001  5.6223248e-002
 -6.3324495e-001  5.6515187e-002
 -6.3804013e-001  5.1859306e-002
 -6.2331604e-001  6.0428513e-002
 -6.1955295e-001  5.4294955e-002
 -6.3596446e-001  5.4367159e-002
 -6.3580460e-001  6.3176326e-002
 -6.4176700e-001  6.0212577e-002
 -6.2499069e-001  6.2136968e-002
 -6.3210295e-001  6.0280642e-002
 -6.2227880e-001  6.4289334e-002
 -6.2363034e-001  5.7757664e-002
 -6.2528913e-001  6.4308989e-002
 -6.2145100e-001  6.5373142e-002
 -6.2257772e-001  6.4773618e-002
 -6.2438038e-001  5.9892845e-002
 -6.3776015e-001  6.2366647e-002
 -6.4303565e-001  6.4336821e-002
 -6.2481924e-001  6.2290282e-002
 -6.3882643e-001  5.7558845e-002
 -6.3650071e-001  6.2992904e-002
 -6.3510183e-001  5.9109382e-002
 -6.2089460e-001  6.1307079e-002
 -6.2120360e-001  6.4381937e-002
 -6.2912429e-001  6.6860240e-002
 -6.2057478e-001  6.1083499e-002
 -6.2153663e-001  6.4866880e-002
 -6.3093518e-001  5.7512404e-002
 -6.3185877e-001  6.5406030e-002
 -6.2834643e-001  6.7051375e-002
 -6.1969376e-001  5.8803111e-002
 -6.2797109e-001  6.2109486e-002
 -6.2053085e-001  6.1475405e-002
 -6.2599295e-001  5.7509836e-002
 -6.3597184e-001  5.9595407e-002
 -6.3077122e-001  6.1483557e-002
 -6.2076059e-001  6.5654967e-002
 -6.2892549e-001  6.2509961e-002
 -4.6049129e-001  6.6965366e-002
 -4.5892669e-001  5.9262589e-002
 -4.7523219e-001  5.6814743e-002
 -4.6155752e-001  5.9915865e-002
 -4.6893700e-001  4.6905031e-002
 -4.5892578e-001  5.0142174e-002
 -4.5887323e-001  4.1598919e-002
 -4.7758642e-001  3.5044021e-002
 -4.6837602e-001  3.2562460e-002
 -4.7959376e-001  2.0999677e-002
 -4.7758039e-001  2.2469169e-002
 -4.7744848e-001  1.4811956e-002
 -4.7344803e-001  8.8237794e-003
 -4.7662952e-001  1.0934426e-002
 -4.7654855e-001  5.6979379e-003
 -4.6297593e-001  4.1848353e-003
 -4.7218911e-001 -2.8569448e-003
 -4.7945410e-001 -6.5894482e-003
 -4.7310090e-001 -8.2738980e-003
 -4.5652241e-001 -1.1705983e-002
 -4.6071170e-001 -7.4477056e-003
 -4.7290305e-001 -1.5225670e-002
 -4.5803949e-001 -1.8557605e-002
 -4.7001970e-001 -1.9195226e-002
 -4.6318957e-001 -2.2008633e-002
 -4.6781695e-001 -1.5535205e-002
 -4.6662013e-001 -2.3399248e-002
 -4.7881599e-001 -2.5533173e-002
 -4.7745863e-001 -2.1314811e-002
 -4.6759017e-001 -2.5229233e-002
 -4.7091693e-001 -2.3537224e-002
 -4.7288790e-001 -2.8495119e-002
 -4.6536903e-001 -2.4163865e-002
 -4.7126367e-001 -2.2888140e-002
 -4.7071343e-001 -2.2101606e-002
 -4.7793775e-001 -2.1556901e-002
 -4.7800002e-001 -2.3768139e-002
 -4.5752274e-001 -2.7811760e-002
 -4.6734942e-001 -2.4459747e-002
 -4.7175238e-001 -3.1604685e-002
 -4.5754173e-001 -2.7187813e-002
 -4.6761038e-001 -3.2404880e-002
 -4.7140034e-001 -2.9809029e-002
 -4.7719334e-001 -2.6125267e-002
 -4.5830133e-001 -2.3425707e-002
 -4.6111883e-001 -2.4681007e-002
 -4.5655127e-001 -3.2719370e-002
 -4.6542818e-001 -3.0742293e-002
 -4.7274258e-001 -3.0392245e-002
 -4.6873211e-001 -2.5974326e-002
 -4.7156594e-001 -3.0734649e-002
 -4.6725653e-001 -3.2114019e-002
 -4.5944371e-001 -2.8989464e-002
 -4.6773074e-001 -2.7480248e-002
 -4.7002562e-001 -2.7908928e-002
 -4.5722684e-001 -2.6175591e-002
 -4.6249768e-001 -2.9479311e-002
 -4.7467786e-001 -2.9755612e-002
 -4.5764926e-001 -2.7661687e-002
 -4.7844289e-001 -2.4925868e-002
 -4.7806251e-001 -2.5350860e-002
 -4.5616695e-001 -2.5607993e-002
 -4.6913815e-001 -2.6596934e-002
 -4.5947260e-001 -3.4099269e-002
 -4.6330096e-001 -3.1057142e-002
 -4.7660520e-001 -2.4989650e-002
 -4.6801884e-001 -3.0181029e-002
 -4.5826688e-001 -2.8560071e-002
 -4.6919025e-001 -2.4648253e-002
  4.2296053e-001 -2.7742160e-002
  4.2810482e-001 -2.9612743e-002
  4.2535673e-001 -2.3420079e-002
  4.2569113e-001 -2.1605501e-002
  4.2339037e-001 -1.2177093e-002
  4.1819052e-001  1.3580677e-004
  4.1368788e-001  8.2980504e-003
  4.3369164e-001  1.3216699e-002
  4.2945212e-001  2.2702218e-002
  4.2623988e-001  3.4115056e-002
  4.3496716e-001  4.7769976e-002
  4.1633801e-001  5.1509989e-002
  4.2284922e-001  6.2789823e-002
  4.3049907e-001  6.4483221e-002
  4.2509690e-001  7.6292859e-002
  4.1445646e-001  8.4025357e-002
  4.1150026e-001  8.1473090e-002
  4.1200615e-001  8.4599041e-002
  4.2544242e-001  9.2814914e-002
  4.2346051e-001  9.6915432e-002
  4.3332282e-001  1.0428424e-001
  4.2799659e-001  1.0782471e-001
  4.1258485e-001  1.0466105e-001
  4.2387836e-001  1.0803334e-001
  4.2712888e-001  1.0745077e-001
  4.1479961e-001  1.1769784e-001
  4.3412289e-001  1.1530030e-001
  4.1533247e-001  1.1540761e-001
  4.3428350e-001  1.1475840e-001
  4.2025932e-001  1.1743607e-001
  4.2236892e-001  1.2639982e-001
  4.2538187e-001  1.2328437e-001
  4.2090525e-001  1.2535066e-001
  4.1140898e-001  1.2355215e-001
  4.1547895e-001  1.2375961e-001
  4.2510130e-001  1.2320221e-001
  4.3403987e-001  1.2268555e-001
  4.3184828e-001  1.2744812e-001
  4.3273342e-001  1.3181597e-001
  4.3428668e-001  1.2800500e-001
  4.2222053e-001  1.2712596e-001
  4.3019878e-001  1.3345996e-001
  4.3096039e-001  1.3393133e-001
  4.1782259e-001  1.3128706e-001
  4.1385761e-001  1.3560235e-001
  4.2518199e-001  1.2787191e-001
  4.2005006e-001  1.3366872e-001
  4.1446843e-001  1.2693938e-001
  4.2884916e-001  1.3068648e-001
  4.3396282e-001  1.3072053e-001
  4.3024684e-001  1.3275754e-001
  4.1524119e-001  1.2894670e-001
  4.1673682e-001  1.2854070e-001
  4.2668507e-001  1.3541209e-001
  4.3172320e-001  1.2986192e-001
  4.1685994e-001  1.3196509e-001
  4.2550536e-001  1.2813659e-001
  4.1509721e-001  1.3176227e-001
  4.1806641e-001  1.2942824e-001
  4.1865503e-001  1.3487005e-001
  4.1821631e-001  1.3081029e-001
  4.3388198e-001  1.3558808e-001
  4.2242746e-001  1.3271988e-001
  4.3012619e-001  1.3132318e-001
  4.2045556e-001  1.3817796e-001
  4.1895978e-001  1.3554123e-001
  4.3283910e-001  1.3077257e-001
  4.1599793e-001  1.3456274e-001
  4.1479933e-001  1.3195419e-001
  2.4687467e-002  1.3553926e-001
  2.6095933e-002  1.2896891e-001
  4.1628200e-002  1.3258188e-001
  2.4321293e-002  1.2985251e-001
  3.9450472e-002  1.1666037e-001
  3.2312422e-002  1.0967064e-001
  4.1333089e-002  1.0772517e-001
  3.9361266e-002  9.8323754e-002
  2.6014877e-002  9.2174994e-002
  3.4959945e-002  7.9296993e-002
  2.1053799e-002  7.9591970e-002
  3.9565298e-002  6.6606341e-002
  3.5214660e-002  6.1678621e-002
  4.1713448e-002  5.9971391e-002
  4.0539448e-002  5.7210447e-002
  3.0093406e-002  5.1509904e-002
  3.9924684e-002  5.1042279e-002
  2.8875301e-002  4.4355426e-002
  2.5319004e-002  3.8811836e-002
  3.8001464e-002  3.6222548e-002
  3.1256593e-002  3.6519861e-002
  3.7185674e-002  2.7852719e-002
  3.1744637e-002  3.2910063e-002
  2.3394174e-002  2.4507164e-002
  2.7387371e-002  2.8530179e-002
  3.9387108e-002  2.4350460e-002
  1.9726088e-002  1.6869772e-002
  3.2174079e-002  2.1296937e-002
  3.1833047e-002  1.9338792e-002
  3.9022697e-002  1.4216727e-002
  3.0838709e-002  1.8300549e-002
  3.0409182e-002  1.7168956e-002
  3.6593242e-002  1.4073273e-002
  4.2265042e-002  1.3819760e-002
  2.1724112e-002  1.7676485e-002
  2.6000388e-002  1.2174143e-002
  2.9281585e-002  1.3198280e-002
  3.8710186e-002  1.7025886e-002
  4.1228438e-002  8.2215391e-003
  3.6126107e-002  9.1472657e-003
  4.2607533e-002  7.5530705e-003
  2.0451069e-002  6.2660606e-003
  2.0761440e-002  8.9001559e-003
  2.8178279e-002  5.7351897e-003
  3.3145607e-002  1.2435081e-002
  2.2473748e-002  1.3998578e-002
  3.4281889e-002  8.3287811e-003
  2.2288939e-002  1.3540147e-002
  2.4703872e-002  1.3168742e-002
  2.0174650e-002  8.4221758e-003
  2.5297962e-002  9.2039098e-003
  3.4567512e-002  6.9039088e-003
  2.8045533e-002  1.3223477e-002
  3.0355088e-002  4.4498378e-003
  4.2582922e-002  5.9310606e-003
  2.2662568e-002  8.1494409e-003
  3.8120296e-002  9.2874051e-003
  3.0596186e-002  7.7818933e-003
  4.0052076e-002  5.1807871e-003
  3.9065165e-002  1.0632133e-002
  3.4898334e-002  6.1500652e-003
  3.8130440e-002  1.2792960e-002
  3.9925600e-002  1.0945618e-002
  2.0380895e-002  1.2882328e-002
  3.2141536e-002  8.4893059e-003
  4.0426594e-002  1.3520812e-002
  2.3550506e-002  1.1713392e-002
  3.7695399e-002  3.6944979e-003
  3.1603016e-002  1.2877713e-002
 -9.5527211e-001  1.1693990e-002
 -9.5835921e-001  6.2486925e-003
 -9.5195619e-001  2.3393484e-002
 -9.5968220e-001  4.5614261e-002
 -9.5219180e-001  8.5110366e-002
 -9.6098242e-001  1.1442185e-001
 -9.5932716e-001  1.6022687e-001
 -9.6261244e-001  1.9448442e-001
 -9.6480093e-001  2.3246476e-001
 -9.6187529e-001  2.6174061e-001
 -9.5690200e-001  3.0164827e-001
 -9.6435786e-001  3.2891694e-001
 -9.6395402e-001  3.5853930e-001
 -9.5693400e-001  3.8514989e-001
 -9.6302350e-001  4.1272296e-001
 -9.6251510e-001  4.2803177e-001
 -9.5629015e-001  4.4803913e-001
 -9.5878014e-001  4.6540745e-001
 -9.5462515e-001  4.8662483e-001
 -9.7273676e-001  5.0360786e-001
 -9.5432388e-001  5.1688531e-001
 -9.5866002e-001  5.3094448e-001
 -9.7148783e-001  5.3595654e-001
 -9.6221035e-001  5.4503740e-001
 -9.6148331e-001  5.5633351e-001
 -9.7202442e-001  5.6967820e-001
 -9.5616235e-001  5.6939628e-001
 -9.5825504e-001  5.8029438e-001
 -9.5987687e-001  5.8686238e-001
 -9.6882664e-001  5.9253539e-001
 -9.6006162e-001  5.9334664e-001
 -9.5761103e-001  5.9837152e-001
 -9.5464421e-001  6.0347428e-001
 -9.6670854e-001  6.0835294e-001
 -9.6456258e-001  6.1414397e-001
 -9.5719641e-001  6.1916408e-001
 -9.6387486e-001  6.1547272e-001
 -9.7314795e-001  6.2173302e-001
 -9.6082760e-001  6.1917867e-001
 -9.6747232e-001  6.2796063e-001
 -9.7018505e-001  6.2973365e-001
 -9.7193843e-001  6.2454514e-001
 -9.7182882e-001  6.2460865e-001
 -9.5326037e-001  6.2967015e-001
 -9.6129211e-001  6.3565464e-001
 -9.7489326e-001  6.3490461e-001
 -9.6397633e-001  6.3474608e-001
 -9.5810380e-001  6.3024929e-001
 -9.6602976e-001  6.3404142e-001
 -9.6274439e-001  6.3818047e-001
 -9.6141917e-001  6.4087092e-001
 -9.6683403e-001  6.3372159e-001
 -9.5194746e-001  6.3324219e-001
 -9.6663452e-001  6.4058186e-001
 -9.6615113e-001  6.3543580e-001
 -9.5742950e-001  6.3732102e-001
 -9.7137713e-001  6.3521350e-001
 -9.5454161e-001  6.3530105e-001
 -9.6897077e-001  6.3572104e-001
 -9.6214139e-001  6.3999452e-001
 -9.5248054e-001  6.4341220e-001
 -9.6076376e-001  6.3829000e-001
 -9.6841066e-001  6.3529143e-001
 -9.7501991e-001  6.3886855e-001
 -9.6147539e-001  6.4527332e-001
 -9.5888723e-001  6.3554060e-001
 -9.6171750e-001  6.3970421e-001
 -9.7275954e-001  6.3642383e-001
 -9.5615922e-001  6.3765003e-001
  8.9590303e-002  6.4042045e-001
  9.6552133e-002  6.4406817e-001
  9.8453983e-002  6.2869926e-001
  9.4088659e-002  5.9632447e-001
  8.9440409e-002  5.6771759e-001
  1.0974186e-001  5.2948632e-001
  9.2114775e-002  4.9812875e-001
  1.0008244e-001  4.5758648e-001
  1.0792447e-001  4.2673630e-001
  9.0436006e-002  3.9189755e-001
  1.0091817e-001  3.5905213e-001
  1.0742369e-001  3.3135319e-001
  9.2568895e-002  3.0126742e-001
  9.9250273e-002  2.8223919e-001
  9.8097293e-002  2.5841038e-001
  1.0643015e-001  2.3595436e-001
  9.7809505e-002  2.0984562e-001
  1.0381742e-001  1.8989309e-001
  9.3810730e-002  1.7420938e-001
  1.0800862e-001  1.6093394e-001
  1.0880296e-001  1.5051848e-001
  9.5791860e-002  1.4287803e-001
  1.0635268e-001  1.2346610e-001
  1.0990588e-001  1.1280649e-001
  1.0633799e-001  1.1146417e-001
  1.1051430e-001  1.0293890e-001
  1.0817716e-001  9.3645463e-002
  1.0136040e-001  8.3577856e-002
  9.5019615e-002  7.8084263e-002
  9.2261218e-002  7.6292809e-002
  1.0180929e-001  6.7302102e-002
  1.1038764e-001  7.1016191e-002
  1.1075461e-001  6.2313139e-002
  1.0818126e-001  5.4443738e-002
  1.0646930e-001  5.9175628e-002
  1.0108808e-001  5.0177750e-002
  1.0602206e-001  5.2809208e-002
  1.0947551e-001  4.3162742e-002
  1.0102292e-001  4.7248892e-002
  1.0170900e-001  4.6555784e-002
  1.0069450e-001  3.9852194e-002
  9.9460876e-002  3.9384332e-002
  9.7731206e-002  3.9220378e-002
  1.0612332e-001  3.5622843e-002
  8.7240560e-002  3.3624200e-002
  1.0596214e-001  3.3753285e-002
  1.0915549e-001  3.5943408e-002
  1.0309124e-001  3.7149103e-002
  9.7182309e-002  3.1691471e-002
  9.7200691e-002  3.0436468e-002
  1.0259862e-001  3.3028792e-002
  9.7992620e-002  3.3232965e-002
  1.1006891e-001  3.6052783e-002
  1.0071158e-001  3.4377560e-002
  1.0243612e-001  2.9056697e-002
  1.0702756e-001  3.0368455e-002
  9.1730035e-002  3.2760132e-002
  1.0229571e-001  3.3058502e-002
  9.7217178e-002  3.0114758e-002
  1.0727092e-001  2.5566295e-002
  8.8032275e-002  2.4489770e-002
  9.5763458e-002  2.8941128e-002
  8.8922807e-002  2.5291627e-002
  9.5095532e-002  2.7071991e-002
  9.3317447e-002  2.4805483e-002
  1.1025669e-001  3.2014095e-002
  8.7306493e-002  2.3893781e-002
  1.0464974e-001  3.1114664e-002
  9.7711366e-002  3.1800930e-002
  6.0296259e-001  2.5605828e-002
  6.2009716e-001  2.9579421e-002
  6.1841129e-001  3.2039174e-002
  6.1241972e-001  4.3108144e-002
  6.1479094e-001  4.6545120e-002
  6.1703529e-001  5.9553860e-002
  6.1226527e-001  7.5968143e-002
  6.1825908e-001  8.1920044e-002
  6.0980995e-001  9.9436554e-002
  5.9857372e-001  1.1220390e-001
  6.1545438e-001  1.2040422e-001
  6.1661511e-001  1.2675794e-001
  6.0140326e-001  1.4022385e-001
  6.1469999e-001  1.4876244e-001
  6.2207473e-001  1.4895476e-001
  6.0208147e-001  1.5885518e-001
  6.1462998e-001  1.6222327e-001
  6.0286390e-001  1.7121798e-001
  6.0787630e-001  1.7395856e-001
  6.0650634e-001  1.8199652e-001
  6.1682011e-001  1.8267763e-001
  6.2153987e-001  1.9236653e-001
  6.2096399e-001  1.9736672e-001
  6.0956798e-001  1.9891536e-001
  6.1932147e-001  2.0377462e-001
  6.0143981e-001  1.9821221e-001
  6.1745110e-001  2.0885327e-001
  6.0892145e-001  2.1137230e-001
  6.0554458e-001  2.0585542e-001
  5.9979738e-001  2.0761406e-001
  6.0225188e-001  2.1299159e-001
  6.0023477e-001  2.1053543e-001
  6.2120425e-001  2.1545850e-001
  6.1316779e-001  2.1331061e-001
  6.0022358e-001  2.1890239e-001
  6.1433853e-001  2.1562918e-001
  5.9850124e-001  2.1802570e-001
  6.0888632e-001  2.2276311e-001
  6.0858634e-001  2.2045764e-001
  6.1033098e-001  2.2273871e-001
  6.2138011e-001  2.1890246e-001
  6.2047476e-001  2.2073092e-001
  6.1113303e-001  2.2461356e-001
  6.2168219e-001  2.2200619e-001
  6.2029491e-001  2.2040237e-001
  6.0734337e-001  2.2743091e-001
  6.0993039e-001  2.2010029e-001
  6.1614010e-001  2.2733361e-001
  6.0524942e-001  2.2510073e-001
  5.9925182e-001  2.2157392e-001
  6.1996558e-001  2.2564123e-001
  6.1088006e-001  2.2402198e-001
  6.1717055e-001  2.2310437e-001
  6.0263087e-001  2.2794424e-001
  6.0511484e-001  2.2638956e-001
  6.0462226e-001  2.3018264e-001
  6.1963360e-001  2.2994716e-001
  6.1060929e-001  2.2932270e-001
  5.9915278e-001  2.2475448e-001
  6.1802777e-001  2.2494867e-001
  6.0446331e-001  2.2442744e-001
  6.1297017e-001  2.2469224e-001
  5.9998458e-001  2.2556780e-001
  6.1419520e-001  2.3032341e-001
  6.0264200e-001  2.2221031e-001
  6.1859409e-001  2.2431159e-001
  6.0292047e-001  2.3020392e-001
  6.1372191e-001  2.2880063e-001
  6.0961666e-001  2.2458049e-001
 -8.6061012e-001  2.2407884e-001
 -8.4185482e-001  2.2539010e-001
 -8.5041614e-001  2.2506281e-001
 -8.5510885e-001  2.3703454e-001
 -8.4816380e-001  2.4062477e-001
 -8.4005725e-001  2.5111319e-001
 -8.5163064e-001  2.6208524e-001
 -8.5664367e-001  2.6623638e-001
 -8.4629958e-001  2.7523659e-001
 -8.4032430e-001  2.7857639e-001
 -8.4161465e-001  2.8507357e-001
 -8.5440899e-001  2.9762220e-001
 -8.4849892e-001  3.0304833e-001
 -8.4862847e-001  3.0828236e-001
 -8.5914398e-001  3.1037233e-001
 -8.3707355e-001  3.1614629e-001
 -8.4956574e-001  3.1897642e-001
 -8.5354052e-001  3.2658509e-001
 -8.5613072e-001  3.3455035e-001
 -8.3949024e-001  3.3421610e-001
 -8.6072509e-001  3.4074762e-001
 -8.4224971e-001  3.4206606e-001
 -8.5592241e-001  3.4401868e-001
 -8.4731858e-001  3.4052699e-001
 -8.4546379e-001  3.4786158e-001
 -8.5192335e-001  3.4236721e-001
 -8.3959207e-001  3.5390995e-001
 -8.4439910e-001  3.5416994e-001
 -8.3945216e-001  3.4699591e-001
 -8.5498723e-001  3.5567920e-001
 -8.3750912e-001  3.5279910e-001
 -8.5222583e-001  3.5927098e-001
 -8.3833814e-001  3.6018908e-001
 -8.5801500e-001  3.5287909e-001
 -8.5545234e-001  3.6104726e-001
 -8.4045773e-001  3.5750375e-001
 -8.3782048e-001  3.6256955e-001
 -8.4948748e-001  3.6295458e-001
 -8.4184255e-001  3.6082052e-001
 -8.4969135e-001  3.6074372e-001
 -8.4415469e-001  3.6037904e-001
 -8.5601620e-001  3.6431334e-001
 -8.4616417e-001  3.5826254e-001
 -8.4618078e-001  3.6114470e-001
 -8.3985684e-001  3.5709165e-001
 -8.5862260e-001  3.6010854e-001
 -8.5619383e-001  3.5936283e-001
 -8.3938194e-001  3.6369228e-001
 -8.5720126e-001  3.6617806e-001
 -8.4492776e-001  3.6113216e-001
 -8.3856665e-001  3.6585896e-001
 -8.4819593e-001  3.6682133e-001
 -8.5979737e-001  3.5790450e-001
 -8.5379330e-001  3.5834875e-001
 -8.4852012e-001  3.5888265e-001
 -8.4091964e-001  3.5993834e-001
 -8.4258720e-001  3.5975320e-001
 -8.4617657e-001  3.6010118e-001
 -8.6061208e-001  3.6298103e-001
 -8.5958164e-001  3.6216436e-001
 -8.4415864e-001  3.6177701e-001
 -8.5816055e-001  3.6329145e-001
 -8.5886958e-001  3.5872484e-001
 -8.5006817e-001  3.6682095e-001
 -8.4322944e-001  3.6380691e-001
 -8.4444626e-001  3.6518791e-001
 -8.6081339e-001  3.5880436e-001
 -8.4906552e-001  3.6374664e-001
 -8.5609267e-001  3.6652257e-001
  7.3534775e-001  3.6081053e-001
  7.2685966e-001  3.6156450e-001
  7.3698573e-001  3.5799038e-001
  7.1680759e-001  3.5989039e-001
  7.3188729e-001  3.5476334e-001
  7.2665012e-001  3.5753266e-001
  7.3469996e-001  3.4869951e-001
  7.3046291e-001  3.5182513e-001
  7.1614107e-001  3.4401619e-001
  7.3606333e-001  3.4652995e-001
  7.3780611e-001  3.3838607e-001
  7.3001093e-001  3.3454972e-001
  7.3834268e-001  3.3645366e-001
  7.3128455e-001  3.3506238e-001
  7.3812455e-001  3.2926621e-001
  7.3262680e-001  3.2534487e-001
  7.3593461e-001  3.3254407e-001
  7.2166230e-001  3.2725017e-001
  7.3508012e-001  3.2776800e-001
  7.2243197e-001  3.2346621e-001
  7.3176130e-001  3.1965298e-001
  7.1921785e-001  3.2422539e-001
  7.3065719e-001  3.1659138e-001
  7.1729837e-001  3.2030185e-001
  7.2526943e-001  3.2388086e-001
  7.3092081e-001  3.2127789e-001
  7.3495976e-001  3.1938026e-001
  7.2959926e-001  3.1647344e-001
  7.1587051e-001  3.1419462e-001
  7.2559911e-001  3.1873436e-001
  7.3811529e-001  3.1935644e-001
  7.2690677e-001  3.1233258e-001
  7.2204030e-001  3.1612492e-001
  7.3845455e-001  3.0985492e-001
  7.3018520e-001  3.1184243e-001
  7.1819807e-001  3.1306471e-001
  7.3466807e-001  3.1721547e-001
  7.3304172e-001  3.1289728e-001
  7.2996313e-001  3.1194634e-001
  7.3797031e-001  3.1669715e-001
  7.2381038e-001  3.1424332e-001
  7.1550600e-001  3.1392636e-001
  7.3663837e-001  3.1293637e-001
  7.2273917e-001  3.0881869e-001
  7.1854127e-001  3.1405738e-001
  7.1778153e-001  3.1515851e-001
  7.2700581e-001  3.1523253e-001
  7.3467892e-001  3.1638455e-001
  7.2607697e-001  3.0996043e-001
  7.3412078e-001  3.1061283e-001
  7.3021116e-001  3.1013088e-001
  7.3138644e-001  3.0839806e-001
  7.2745204e-001  3.1134089e-001
  7.2948495e-001  3.0995021e-001
  7.2183016e-001  3.0944633e-001
  7.3363653e-001  3.1686909e-001
  7.3839074e-001  3.1156562e-001
  7.2142502e-001  3.1535342e-001
  7.3225838e-001  3.0852402e-001
  7.3555653e-001  3.1043093e-001
  7.2350810e-001  3.1725333e-001
  7.2235292e-001  3.0817229e-001
  7.3766910e-001  3.1221105e-001
  7.1830343e-001  3.1630494e-001
  7.3875497e-001  3.1109026e-001
  7.2074912e-001  3.1713930e-001
  7.3651205e-001  3.1279693e-001
  7.3860922e-001  3.1520913e-001
  7.3844108e-001  3.1087555e-001
 -9.5756860e-001  3.1166007e-001
 -9.5667533e-001  3.1168816e-001
 -9.4376172e-001  3.2294351e-001
 -9.4067420e-001  3.3307658e-001
 -9.6177170e-001  3.4977361e-001
 -9.4790660e-001  3.6318166e-001
 -9.4016938e-001  3.8094002e-001
 -9.5548428e-001  4.0233547e-001
 -9.5244208e-001  4.1933428e-001
 -9.4231865e-001  4.3235268e-001
 -9.5754935e-001  4.4805909e-001
 -9.5313268e-001  4.5863261e-001
 -9.4160337e-001  4.7308614e-001
 -9.5850559e-001  4.8745877e-001
 -9.6121224e-001  4.9934777e-001
 -9.4004901e-001  5.0560891e-001
 -9.5610549e-001  5.1515958e-001
 -9.4914366e-001  5.2375980e-001
 -9.5366729e-001  5.3591211e-001
 -9.6116035e-001  5.4021297e-001
 -9.5369807e-001  5.4755587e-001
 -9.5979639e-001  5.5216856e-001
 -9.4631229e-001  5.5473098e-001
 -9.5218008e-001  5.6268962e-001
 -9.4343011e-001  5.6670549e-001
 -9.5011707e-001  5.7391013e-001
 -9.4921026e-001  5.7304865e-001
 -9.5654511e-001  5.7902437e-001
 -9.5877553e-001  5.8130541e-001
 -9.6311439e-001  5.8558609e-001
 -9.6212001e-001  5.8842555e-001
 -9.5450408e-001  5.9160115e-001
 -9.4088637e-001  5.8754818e-001
 -9.4447441e-001  5.9497518e-001
 -9.5579353e-001  5.9318990e-001
 -9.4053350e-001  5.9131330e-001
 -9.6352279e-001  5.9664341e-001
 -9.4986645e-001  5.9898866e-001
 -9.5595761e-001  5.9702187e-001
 -9.4109006e-001  6.0071086e-001
 -9.5401463e-001  6.0359197e-001
 -9.4870380e-001  6.0145307e-001
 -9.4931740e-001  6.0400926e-001
 -9.4675811e-001  6.0462268e-001
 -9.5110315e-001  5.9841190e-001
 -9.5976144e-001  6.0797209e-001
 -9.5910541e-001  6.0002669e-001
 -9.4956092e-001  6.0103909e-001
 -9.5488012e-001  6.0199921e-001
 -9.6061797e-001  6.0817993e-001
 -9.6328184e-001  6.0310719e-001
 -9.5047639e-001  6.0987609e-001
 -9.6252470e-001  6.0410050e-001
 -9.5952514e-001  6.0886619e-001
 -9.5779138e-001  6.0211272e-001
 -9.4862541e-001  6.0392067e-001
 -9.6149552e-001  6.0563646e-001
 -9.5256323e-001  6.0950964e-001
 -9.4721756e-001  6.1128054e-001
 -9.4037339e-001  6.0623069e-001
 -9.5706956e-001  6.0521036e-001
 -9.4315317e-001  6.0874925e-001
 -9.6094330e-001  6.0623906e-001
 -9.4058376e-001  6.0993254e-001
 -9.6165642e-001  6.0450325e-001
 -9.5359494e-001  6.0449088e-001
 -9.5699239e-001  6.1030796e-001
 -9.5502289e-001  6.0651460e-001
 -9.5850075e-001  6.0744629e-001
 -9.6175626e-001  6.0444045e-001
 -9.6367476e-001  6.1048868e-001
 -9.6334322e-001  6.0890292e-001
 -9.7312209e-001  6.0589581e-001
 -9.7077973e-001  6.1592421e-001
 -9.7824498e-001  6.1342745e-001
 -9.7138643e-001  6.1433167e-001
 -9.5679073e-001  6.2231618e-001
 -9.7004423e-001  6.1849005e-001
 -9.6834604e-001  6.1987799e-001
 -9.5803878e-001  6.2823667e-001
 -9.5853573e-001  6.3344002e-001
 -9.6199163e-001  6.3044743e-001
 -9.5882005e-001  6.2869728e-001
 -9.7650086e-001  6.3626228e-001
 -9.7400660e-001  6.3793140e-001
 -9.6435626e-001  6.3436559e-001
 -9.7384294e-001  6.3478934e-001
 -9.5639777e-001  6.3482743e-001
 -9.7380216e-001  6.4136643e-001
 -9.7531577e-001  6.3932333e-001
 -9.6380988e-001  6.4569260e-001
 -9.6129892e-001  6.4333917e-001
 -9.7484228e-001  6.4065668e-001
 -9.7545675e-001  6.4404212e-001
 -9.6267757e-001  6.4910877e-001
 -9.6541854e-001  6.4436003e-001
 -9.6298138e-001  6.4704900e-001
 -9.6946890e-001  6.4510791e-001
 -9.7821633e-001  6.4924114e-001
 -9.6007058e-001  6.4541690e-001
 -9.7083261e-001  6.4393370e-001
 -9.5746201e-001  6.4794553e-001
 -9.5998808e-001  6.4683788e-001
 -9.5483141e-001  6.4815567e-001
 -9.6493187e-001  6.4853559e-001
 -9.6593798e-001  6.4753519e-001
 -9.7723352e-001  6.5209913e-001
 -9.7861334e-001  6.5165593e-001
 -9.7213947e-001  6.4840849e-001
 -9.6525330e-001  6.4862635e-001
 -9.7013156e-001  6.5233591e-001
 -9.6377837e-001  6.4607317e-001
 -9.6389946e-001  6.5145815e-001
 -9.6955741e-001  6.4610273e-001
 -9.5940553e-001  6.5090473e-001
 -9.6255616e-001  6.5100304e-001
 -9.6061136e-001  6.5223252e-001
 -9.7242998e-001  6.5192756e-001
 -9.7232005e-001  6.4643694e-001
 -9.6738720e-001  6.4614309e-001
 -9.6603517e-001  6.5266525e-001
 -9.5769701e-001  6.4529927e-001
 -9.7711717e-001  6.4797652e-001
 -9.7429525e-001  6.4650980e-001
 -9.6636513e-001  6.4629777e-001
 -9.7214180e-001  6.4614427e-001
 -9.6700650e-001  6.5200723e-001
 -9.6466502e-001  6.5292701e-001
 -9.7523830e-001  6.4882182e-001
 -9.6186296e-001  6.5118268e-001
 -9.6319758e-001  6.4856215e-001
 -9.7160115e-001  6.4756022e-001
 -9.6724180e-001  6.4790948e-001
 -9.5970486e-001  6.4617463e-001
 -9.7595692e-001  6.5400896e-001
 -9.6010004e-001  6.4860419e-001
 -9.6800402e-001  6.5454630e-001
 -9.5509039e-001  6.4751191e-001
 -4.6574141e-002  6.5127633e-001
 -4.3887162e-002  6.4602402e-001
 -4.0425438e-002  6.3387571e-001
 -5.5539977e-002  6.1050569e-001
 -5.9743593e-002  5.7029012e-001
 -5.8210420e-002  5.3773863e-001
 -6.0142685e-002  4.9082540e-001
 -4.2209595e-002  4.6093008e-001
 -4.6291624e-002  4.1774119e-001
 -3.9687384e-002  3.8101460e-001
 -4.3180190e-002  3.4390122e-001
 -5.9227333e-002  3.1283684e-001
 -6.0067097e-002  2.8769322e-001
 -4.8858906e-002  2.5767732e-001
 -5.5290364e-002  2.3580831e-001
 -5.2174383e-002  2.0581527e-001
 -4.0861196e-002  1.8912895e-001
 -5.2538458e-002  1.7088168e-001
 -5.2199488e-002  1.5244570e-001
 -4.3433897e-002  1.3114528e-001
 -5.3801234e-002  1.1790048e-001
 -4.0738234e-002  1.0834067e-001
 -4.1491083e-002  9.7790054e-002
 -4.4647809e-002  8.8711832e-002
 -5.5131000e-002  7.5980087e-002
 -5.0283268e-002  6.5633795e-002
 -5.1782875e-002  5.4059990e-002
 -5.5997649e-002  5.0625749e-002
 -4.0530712e-002  4.3649258e-002
 -5.4090576e-002  4.1852524e-002
 -4.4413604e-002  3.8568192e-002
 -3.8519312e-002  3.4035152e-002
 -5.3326035e-002  2.4642241e-002
 -5.9183226e-002  2.0145070e-002
 -5.1109481e-002  2.1924717e-002
 -5.0388787e-002  1.4141135e-002
 -5.6665131e-002  1.6107984e-002
 -3.8633206e-002  1.1021028e-002
 -3.8021110e-002  8.7813408e-003
 -5.7815799e-002  1.0499816e-002
 -4.2830525e-002  6.8384008e-003
 -4.2962140e-002  3.4743470e-003
 -6.0119712e-002  4.2857867e-003
 -4.0273299e-002  2.9898233e-003
 -4.9761601e-002 -1.8491037e-003
 -5.9792188e-002 -1.6884003e-003
 -5.4125145e-002 -1.5738276e-003
 -5.2308190e-002 -7.7504307e-003
 -5.7604528e-002 -6.0231841e-003
 -5.4587264e-002 -9.5215759e-003
 -3.8111276e-002 -1.0040840e-002
 -3.9432111e-002 -1.1181507e-002
 -5.4704474e-002 -5.2560849e-003
 -4.5068095e-002 -7.7653663e-003
 -3.8699634e-002 -1.1022168e-002
 -4.1786276e-002 -7.3384665e-003
 -6.0189869e-002 -1.2313721e-002
  3.0458341e-001 -9.6774683e-003
